ticker	yyyymmdd	exc_pref	exc_pcei	exc_pflr	exc_popn	exc_pcls	exc_phgh	exc_plow	exc_pbase	exc_pvlm	exc_ptrn	exc_capi
AAA	20121109	12500	13300	11700	12500	12500	12600	12400	12500	412300	5147290000	123750000000
ACB	20121109	14800	15800	13800	14900	14900	15000	14800	14900	241100	3592900000	13971677850000
ADC	20121109	10900	11600	10200	10500	11100	11100	10500	11100	700	7410000	11100000000
ALT	20121109	14900	15900	13900	0	0	0	0	14900	0	0	73313930200
ALV	20121109	3100	3300	2900	3100	3200	3200	3100	3200	1600	5020000	5519993600
AMC	20121109	18000	19200	16800	0	0	0	0	18000	0	0	51300000000
AME	20121109	1800	1900	1700	0	0	0	0	1800	0	0	21600000000
AMV	20121109	3000	3200	2800	2800	2800	2800	2800	2800	3100	8680000	5924100000
APG	20121109	2000	2100	1900	2000	2100	2100	2000	2100	15700	32310000	28410690000
API	20121109	2800	2900	2700	2700	2800	2800	2700	2800	21400	57890000	73920000000
APP	20121109	7500	8000	7000	8000	8000	8000	8000	8000	100	800000	31711680000
APS	20121109	3000	3200	2800	3000	3000	3100	2900	3000	300500	895920000	117000000000
ARM	20121109	16400	17500	15300	0	0	0	0	16400	0	0	42520936000
ASA	20121109	13900	14800	13000	14000	14100	14100	13900	14100	91400	1282100000	42300000000
AVS	20121109	3300	3500	3100	3200	3300	3300	3100	3300	7700	24970000	118800000000
B82	20121109	9600	10200	9000	0	0	0	0	9600	0	0	28800000000
BBS	20121109	8200	8700	7700	0	0	0	0	8200	0	0	32800000000
BCC	20121109	3800	4000	3600	3700	3800	3900	3700	3800	15200	57060000	363513308600
BDB	20121109	7200	7700	6700	0	0	0	0	7200	0	0	8110612800
BED	20121109	9900	10500	9300	0	0	0	0	9900	0	0	29700000000
BHC	20121109	1900	2000	1800	0	0	0	0	1900	0	0	8550000000
BHT	20121109	5700	6000	5400	0	0	0	0	5700	0	0	26220000000
BHV	20121109	8900	9500	8300	8300	8300	8300	8300	8300	100	830000	8067707900
BKC	20121109	6100	6500	5700	6000	6200	6200	5900	6200	6600	39630000	33933840000
BLF	20121109	2800	2900	2700	2800	2700	2900	2700	2700	300	840000	13500000000
BPC	20121109	7700	8200	7200	0	0	0	0	7700	0	0	29260000000
BSC	20121109	8400	8900	7900	8900	8900	8900	8900	8900	100	890000	28041648300
BST	20121109	6400	6800	6000	0	0	0	0	6400	0	0	7040000000
BTH	20121109	5500	5800	5200	5300	5300	5300	5300	5300	1000	5300000	18550000000
BTS	20121109	3500	3700	3300	3300	3300	3300	3300	3300	1600	5280000	359885433600
BVG	20121109	4000	4200	3800	3800	3800	3800	3800	3800	1700	6460000	37053602400
BVS	20121109	9100	9700	8500	9300	9500	9500	9000	9400	641400	5977990000	678856127800
BXH	20121109	4000	4200	3800	0	0	0	0	4000	0	0	12048160000
C92	20121109	5700	6000	5400	0	0	0	0	5700	0	0	13680000000
CAN	20121109	21400	22800	20000	22000	22000	22000	22000	22000	100	2200000	110000000000
CAP	20121109	27000	28800	25200	27200	27000	27200	27000	27000	1500	40700000	45669150000
CCM	20121109	9500	10100	8900	0	0	0	0	9500	0	0	43699962000
CIC	20121109	1700	1800	1600	1600	1800	1800	1600	1800	10100	17590000	8343072000
CID	20121109	5700	6000	5400	0	0	0	0	5700	0	0	5680050000
CJC	20121109	14900	15900	13900	0	0	0	0	14900	0	0	29800000000
CKV	20121109	7600	8100	7100	8000	8100	8100	8000	8100	2300	18560000	32148900000
CMC	20121109	3300	3500	3100	3500	3500	3500	3500	3500	1700	5950000	15963675000
CMI	20121109	6200	6600	5800	6200	6400	6400	6100	6400	112100	705110000	47526400000
CMS	20121109	9000	9600	8400	8900	8700	8900	8700	8700	72800	634310000	43500000000
CPC	20121109	12000	12800	11200	0	0	0	0	12000	0	0	48982800000
CSC	20121109	8500	9000	8000	8300	8400	8400	8200	8400	14500	120010000	41650417200
CT6	20121109	7000	7400	6600	0	0	0	0	7000	0	0	42740313000
CTA	20121109	4000	4200	3800	4000	4000	4000	4000	4000	1500	6000000	36352000000
CTB	20121109	14500	15500	13500	14600	14600	14600	14600	14600	1400	20440000	40276728000
CTC	20121109	5900	6300	5500	0	0	0	0	5900	0	0	51919563400
CTM	20121109	2600	2700	2500	2500	2600	2600	2500	2600	7000	17550000	11439989600
CTN	20121109	4100	4300	3900	4100	4100	4100	4100	4100	400	1640000	25672519000
CTS	20121109	6400	6800	6000	6300	6600	6600	6200	6500	66800	429040000	505072100000
CTV	20121109	3900	4100	3700	0	0	0	0	3900	0	0	7800000000
CTX	20121109	8100	8600	7600	8400	7600	8400	7600	7800	300	2400000	205559640000
CVN	20121109	6100	6500	5700	5900	6200	6300	5900	6100	52500	318440000	19825000000
CVT	20121109	8200	8700	7700	8200	8000	8200	8000	8000	10500	84780000	62352800000
CX8	20121109	3300	3500	3100	0	0	0	0	3300	0	0	6457440000
D11	20121109	11200	11900	10500	10600	10600	10600	10600	10600	500	5300000	38583947000
DAC	20121109	15000	16000	14000	0	0	0	0	15000	0	0	15074610000
DAD	20121109	7600	8100	7100	7700	7800	7800	7700	7800	5000	38990000	36341760000
DAE	20121109	9700	10300	9100	0	0	0	0	9700	0	0	14537196000
DBC	20121109	21000	22400	19600	21000	21000	21000	20900	21000	20000	419690000	1016609160000
DBT	20121109	18000	19200	16800	0	0	0	0	18000	0	0	53073000000
DC2	20121109	5800	6200	5400	5600	5600	5600	5600	5600	2000	11200000	14112000000
DC4	20121109	6400	6800	6000	6000	6400	6400	6000	6400	400	2470000	31363200000
DCS	20121109	3000	3200	2800	3100	3100	3100	2900	3100	272600	824700000	103849066900
DHI	20121109	4000	4200	3800	4200	4200	4200	4200	4200	100	420000	11037776400
DHL	20121109	5600	5900	5300	5600	5600	5600	5600	5600	1800	10080000	30800000000
DHT	20121109	28000	29900	26100	0	0	0	0	28000	0	0	175685384000
DID	20121109	4700	5000	4400	4800	4800	4800	4800	4800	100	480000	24000000000
DIH	20121109	9800	10400	9200	10000	10000	10000	10000	10000	2000	20000000	29058420000
DL1	20121109	9200	9800	8600	0	0	0	0	9200	0	0	22852211200
DLR	20121109	9700	10300	9100	10200	10300	10300	10200	10300	500	5130000	46350000000
DNC	20121109	9700	10300	9100	0	0	0	0	9700	0	0	21337060900
DNM	20121109	11100	11800	10400	0	0	0	0	11100	0	0	26767761000
DNP	20121109	14600	15600	13600	0	0	0	0	14600	0	0	49860854200
DNY	20121109	5900	6300	5500	5900	6000	6000	5900	5900	1600	9450000	118000000000
DPC	20121109	13400	14300	12500	12500	12500	12500	12500	12500	100	1250000	27966000000
DST	20121109	3000	3200	2800	0	0	0	0	3000	0	0	3000000000
DTC	20121109	4800	5100	4500	0	0	0	0	4800	0	0	19200000000
DXP	20121109	28000	29900	26100	28200	28500	28900	28200	28500	12400	354370000	224436702000
DZM	20121109	4500	4800	4200	4500	4800	4800	4300	4800	11500	54620000	25900728000
EBS	20121109	7200	7700	6700	7200	7300	7300	7100	7300	67700	487080000	68527173200
ECI	20121109	10000	10700	9300	0	0	0	0	10000	0	0	17600000000
EFI	20121109	5300	5600	5000	5300	5500	5500	5200	5500	15000	80400000	59081000000
EID	20121109	8100	8600	7600	8000	8100	8100	8000	8100	1000	8050000	118005660000
FDT	20121109	21100	22500	19700	0	0	0	0	21100	0	0	64449950000
FLC	20121109	6000	6400	5600	6100	6100	6100	5800	6000	700200	4166920000	463080000000
GBS	20121109	11200	11900	10500	0	0	0	0	11200	0	0	151200000000
GFC	20121109	8400	8900	7900	0	0	0	0	8400	0	0	71232000000
GGG	20121109	1300	1400	1200	1200	1200	1200	1200	1200	5800	6960000	11012605200
GLT	20121109	10300	11000	9600	0	0	0	0	10300	0	0	94531298800
GMX	20121109	12500	13300	11700	13300	13300	13300	13300	13300	100	1330000	70682158400
HAD	20121109	26400	28200	24600	26600	26600	26600	26600	26600	2000	53200000	106400000000
HAT	20121109	18600	19900	17300	19800	19800	19800	19800	19800	600	11880000	61835400000
HBD	20121109	10300	11000	9600	0	0	0	0	10300	0	0	14711490000
HBE	20121109	5400	5700	5100	0	0	0	0	5400	0	0	12047713200
HBS	20121109	6800	7200	6400	6900	6900	6900	6900	6900	1000	6900000	227699862000
HCC	20121109	12100	12900	11300	12100	11900	12100	11900	12000	3500	42230000	44045796000
HCT	20121109	5300	5600	5000	5600	5500	5600	5200	5500	5200	27320000	11090117500
HDA	20121109	7900	8400	7400	0	0	0	0	7900	0	0	17380000000
HDO	20121109	5700	6000	5400	5700	6000	6000	5700	5900	77100	448080000	54987286100
HEV	20121109	10100	10800	9400	0	0	0	0	10100	0	0	10100000000
HGM	20121109	93500	100000	87000	0	0	0	0	93500	0	0	589050000000
HHC	20121109	16100	17200	15000	17200	17200	17200	17200	17200	100	1720000	141255000000
HHG	20121109	2100	2200	2000	2000	2200	2200	2000	2200	10100	22200000	27758720000
HHL	20121109	1800	1900	1700	0	0	0	0	1800	0	0	4946886000
HJS	20121109	6700	7100	6300	6700	6800	6800	6600	6800	10000	66920000	101999925200
HLC	20121109	11400	12100	10700	0	0	0	0	11400	0	0	136294695000
HLY	20121109	8700	9300	8100	0	0	0	0	8700	0	0	8699173500
HMH	20121109	13300	14200	12400	0	0	0	0	13300	0	0	94993866800
HNM	20121109	4300	4600	4000	4500	4600	4600	4500	4600	14300	65730000	57500000000
HOM	20121109	5200	5500	4900	5000	5200	5200	5000	5200	2100	10620000	359988720000
HPB	20121109	9100	9700	8500	9100	9100	9100	9100	9100	1000	9100000	33280520000
HPC	20121109	3200	3400	3000	3100	3200	3200	3100	3200	87400	275310000	127019392000
HPR	20121109	10500	11200	9800	0	0	0	0	10500	0	0	50400000000
HPS	20121109	7000	7400	6600	0	0	0	0	7000	0	0	10956750000
HST	20121109	4600	4900	4300	0	0	0	0	4600	0	0	6846824000
HTB	20121109	41500	44400	38600	0	0	0	0	41500	0	0	74700000000
HTC	20121109	13400	14300	12500	13500	13500	13500	13500	13500	2000	27000000	70875000000
HTP	20121109	5000	5300	4700	5000	5200	5200	5000	5200	20200	103530000	8557016000
HUT	20121109	7100	7500	6700	7100	7300	7300	7000	7300	138400	994830000	255482480000
HVT	20121109	8400	8900	7900	0	0	0	0	8400	0	0	60767380800
ICG	20121109	4800	5100	4500	4900	5100	5100	4900	5100	236400	1194400000	102000000000
IDJ	20121109	3100	3300	2900	3100	3200	3200	3000	3100	29200	90480000	101060000000
IDV	20121109	27000	28800	25200	0	0	0	0	27000	0	0	98127450000
ILC	20121109	5400	5700	5100	5500	5500	5500	5500	5500	500	2750000	22290026000
INC	20121109	3700	3900	3500	0	0	0	0	3700	0	0	7400000000
INN	20121109	11600	12400	10800	11100	11800	11800	10800	11800	4100	44640000	63720000000
ITQ	20121109	14900	15900	13900	14800	15000	15000	14800	15000	10500	156000000	150000000000
IVS	20121109	3800	4000	3600	3800	3800	3900	3700	3800	41100	158770000	61180000000
KBT	20121109	18000	19200	16800	0	0	0	0	18000	0	0	54030582000
KHB	20121109	2900	3100	2700	2900	2900	2900	2800	2900	40100	112530000	18183000000
KHL	20121109	2300	2400	2200	2300	2200	2400	2200	2300	9300	21380000	12880000000
KKC	20121109	8300	8800	7800	0	8300	0	0	8300	0	0	38946090000
KLS	20121109	7200	7700	6700	7200	7400	7400	7100	7300	1123300	8138530000	1478250000000
KMT	20121109	4500	4800	4200	0	0	0	0	4500	0	0	44309529000
KSD	20121109	1400	1500	1300	1400	1400	1500	1400	1400	40800	57150000	16800000000
KST	20121109	5300	5600	5000	0	0	0	0	5300	0	0	15878853000
KTS	20121109	34000	36300	31700	32000	31700	32000	31700	31700	500	15970000	123630000000
KTT	20121109	2000	2100	1900	1900	2100	2100	1900	2100	2200	4220000	6037500000
L14	20121109	4900	5200	4600	0	0	0	0	4900	0	0	14112000000
L18	20121109	8600	9200	8000	8800	8800	8800	8800	8800	2700	23760000	47520000000
L35	20121109	6300	6700	5900	0	0	0	0	6300	0	0	20570476500
L43	20121109	6300	6700	5900	6500	6500	6500	6500	6500	100	650000	22750000000
L44	20121109	5900	6300	5500	0	0	0	0	5900	0	0	23482000000
L61	20121109	7000	7400	6600	0	0	0	0	7000	0	0	49105000000
L62	20121109	8000	8500	7500	0	0	0	0	8000	0	0	45934536000
LAS	20121109	27600	29500	25700	27500	27500	27600	27500	27600	18800	518150000	1790136000000
LBE	20121109	8300	8800	7800	0	0	0	0	8300	0	0	9095970000
LCD	20121109	7500	8000	7000	0	0	0	0	7500	0	0	10125000000
LCS	20121109	7100	7500	6700	6900	7100	7200	6900	7200	4600	32270000	43200000000
LDP	20121109	24500	26200	22800	0	0	0	0	24500	0	0	83298995500
LHC	20121109	23800	25400	22200	23500	23500	23500	23500	23500	100	2350000	43874500000
LIG	20121109	6300	6700	5900	6300	6400	6400	6300	6400	1700	10740000	71271680000
LM3	20121109	2500	2600	2400	0	0	0	0	2500	0	0	12875000000
LM7	20121109	3100	3300	2900	2900	3100	3100	2900	3100	300	890000	15500000000
LO5	20121109	3500	3700	3300	0	0	0	0	3500	0	0	17500000000
LTC	20121109	4700	5000	4400	4400	4400	4400	4400	4400	12300	54120000	20178400000
LUT	20121109	7100	7500	6700	7200	7300	7400	7100	7300	10500	75520000	109208000000
MAC	20121109	3300	3500	3100	0	0	0	0	3300	0	0	18149376300
MAX	20121109	4600	4900	4300	4300	4700	4700	4300	4700	27800	126780000	33840000000
MCC	20121109	10300	11000	9600	10300	10300	10300	10300	10300	100	1030000	47774490000
MCF	20121109	11800	12600	11000	0	0	0	0	11800	0	0	94400000000
MCL	20121109	1600	1700	1500	1700	1600	1700	1600	1600	400	650000	3552000000
MCO	20121109	4000	4200	3800	0	0	0	0	4000	0	0	16415716000
MDC	20121109	9700	10300	9100	9200	9200	9200	9200	9200	1500	13800000	138772358400
MEC	20121109	3900	4100	3700	4000	3900	4100	3900	3900	8700	35240000	27300000000
MHL	20121109	8300	8800	7800	0	0	0	0	8300	0	0	31822615000
MIC	20121109	10800	11500	10100	10800	10800	10800	10800	10800	4200	45360000	58921786800
MIH	20121109	11300	12000	10600	11300	11300	11300	11300	11300	200	2260000	42714000000
MIM	20121109	6700	7100	6300	0	0	0	0	6700	0	0	22846062000
MKV	20121109	6700	7100	6300	6300	7100	7100	6300	7100	1500	9530000	7977290200
MMC	20121109	8400	8900	7900	0	0	0	0	8400	0	0	26544000000
MNC	20121109	3100	3300	2900	3200	3200	3200	3200	3200	300	960000	25821782400
NAG	20121109	3600	3800	3400	3800	3800	3800	3800	3800	100	380000	56428388800
NBC	20121109	11200	11900	10500	11200	11200	11200	11200	11200	14800	165760000	223993324800
NBP	20121109	13600	14500	12700	13600	13600	13600	13600	13600	5000	68000000	174970800000
NDN	20121109	4300	4600	4000	4300	4500	4500	4300	4500	115200	500150000	49809240000
NET	20121109	38000	40600	35400	35400	35400	35400	35400	35400	100	3540000	283180388400
NGC	20121109	11800	12600	11000	0	0	0	0	11800	0	0	14160000000
NHA	20121109	3800	4000	3600	3900	3900	3900	3900	3900	100	390000	34456500000
NHC	20121109	19200	20500	17900	0	0	0	0	19200	0	0	28249824000
NIS	20121109	6400	6800	6000	6700	6500	6800	6500	6500	7100	47600000	19500000000
NLC	20121109	13600	14500	12700	13600	13600	13600	13600	13600	1000	13600000	68000000000
NPS	20121109	11200	11900	10500	0	0	0	0	11200	0	0	24304000000
NSN	20121109	2800	2900	2700	2900	2900	2900	2900	2900	100	290000	8582010600
NST	20121109	8700	9300	8100	8500	8700	8700	8300	8700	2900	24510000	60144257100
NTP	20121109	30600	32700	28500	31100	31700	31700	31000	31500	7200	225510000	1365146874000
NVB	20121109	7200	7700	6700	0	0	0	0	7200	0	0	2143220774400
NVC	20121109	1000	1100	900	900	1000	1000	900	1000	21800	21480000	15000000000
OCH	20121109	17800	19000	16600	17800	17900	17900	17800	17900	11500	205150000	1790000000000
ONE	20121109	6400	6800	6000	6400	6400	6400	6400	6400	4400	28160000	31519360000
ORS	20121109	1800	1900	1700	1700	1800	1800	1700	1800	18400	31350000	43200000000
PCG	20121109	5300	5600	5000	5300	5300	5300	5300	5300	5400	28620000	100011000000
PCT	20121109	2700	2800	2600	2600	2700	2700	2600	2700	10200	26540000	62100000000
PDC	20121109	3000	3200	2800	2900	3000	3000	2900	3000	3000	8790000	45000000000
PFL	20121109	2200	2300	2100	2200	2300	2300	2100	2300	109000	239990000	115000000000
PGS	20121109	16500	17600	15400	16400	16700	16800	16400	16700	546300	9077370000	634600000000
PGT	20121109	2900	3100	2700	2900	2800	2900	2800	2800	8700	24430000	25877042800
PHC	20121109	3900	4100	3700	3700	3700	3700	3700	3700	100	370000	40292914900
PHH	20121109	3600	3800	3400	3600	3600	3600	3600	3600	8100	29160000	65570400000
PHS	20121109	2500	2600	2400	2400	2600	2600	2400	2600	400	980000	78000000000
PIV	20121109	4100	4300	3900	0	0	0	0	4100	0	0	4920000000
PJC	20121109	11800	12600	11000	0	0	0	0	11800	0	0	36890340000
PLC	20121109	15000	16000	14000	15000	15100	15100	15000	15100	18400	276210000	909595385500
PMC	20121109	25600	27300	23900	25500	25500	25500	25500	25500	6000	153000000	165122547000
PMS	20121109	5600	5900	5300	5300	5400	5600	5300	5400	400	2160000	38889568800
POT	20121109	7400	7900	6900	7100	7300	7300	7000	7300	6100	43230000	140790325800
PPE	20121109	4700	5000	4400	0	0	0	0	4700	0	0	9400000000
PPG	20121109	4600	4900	4300	4900	4700	4900	4600	4700	1200	5560000	33178240000
PPP	20121109	9700	10300	9100	9900	9900	9900	9900	9900	300	2970000	23121450000
PPS	20121109	8300	8800	7800	8200	8400	8500	8200	8400	102400	850130000	126000000000
PRC	20121109	6900	7300	6500	6700	6800	6800	6700	6800	1900	12820000	8016452000
PSC	20121109	8900	9500	8300	0	0	0	0	8900	0	0	42720000000
PSG	20121109	1000	1100	900	1000	1000	1000	1000	1000	7100	7100000	35000000000
PSI	20121109	3500	3700	3300	3300	3500	3500	3300	3500	4200	14360000	209444550000
PTI	20121109	8800	9400	8200	0	0	0	0	8800	0	0	443482239200
PTM	20121109	7800	8300	7300	0	0	0	0	7800	0	0	32760000000
PTS	20121109	5900	6300	5500	5900	5900	5900	5900	5900	100	590000	32851200000
PV2	20121109	4000	4200	3800	3900	4100	4100	3900	4100	53600	214790000	151162080000
PVA	20121109	4600	4900	4300	4600	4700	4800	4400	4700	210400	959880000	102676200000
PVC	20121109	11900	12700	11100	12500	12700	12700	12200	12700	349100	4400260000	444500000000
PVE	20121109	7900	8400	7400	7900	8100	8100	7900	8100	10100	79810000	202500000000
PVG	20121109	7500	8000	7000	7500	7500	7500	7300	7500	20700	153710000	207898875000
PVI	20121109	15200	16200	14200	15100	15100	15100	15100	15100	900	13590000	3419711601700
PVL	20121109	2600	2700	2500	2600	2700	2700	2600	2700	526200	1404530000	135000000000
PVR	20121109	3300	3500	3100	3500	3500	3500	3500	3500	3000	10500000	181673495500
PVS	20121109	14700	15700	13700	14700	14900	14900	14700	14900	130100	1924000000	4437251200600
PVV	20121109	2600	2700	2500	2600	2600	2600	2500	2600	11300	29350000	78000000000
PVX	20121109	4100	4300	3900	4100	4300	4300	4100	4300	1298200	5457150000	1720000000000
PXA	20121109	2500	2600	2400	2400	2600	2600	2400	2600	33400	81910000	39000000000
QCC	20121109	3000	3200	2800	0	0	0	0	3000	0	0	4500000000
QHD	20121109	5100	5400	4800	0	0	0	0	5100	0	0	21674495100
QNC	20121109	5800	6200	5400	6100	5500	6100	5500	5500	800	4460000	101107099500
QST	20121109	8600	9200	8000	0	0	0	0	8600	0	0	11610000000
QTC	20121109	20000	21400	18600	0	0	0	0	20000	0	0	24000000000
RCL	20121109	16400	17500	15300	0	0	0	0	16400	0	0	73792669200
RHC	20121109	11500	12300	10700	0	0	0	0	11500	0	0	58880000000
S12	20121109	2600	2700	2500	0	0	0	0	2600	0	0	13000000000
S27	20121109	2200	2300	2100	0	0	0	0	2200	0	0	3460232600
S55	20121109	15400	16400	14400	0	0	0	0	15400	0	0	38347540000
S74	20121109	6100	6500	5700	6000	6000	6000	6000	6000	100	600000	36000000000
S91	20121109	4500	4800	4200	4400	4200	4700	4200	4200	39900	168120000	12348000000
S96	20121109	2200	2300	2100	2200	2300	2300	2200	2300	14700	32650000	25657723600
S99	20121109	3800	4000	3600	3600	3800	3800	3600	3800	2700	9740000	47488330200
SAF	20121109	21100	22500	19700	0	0	0	0	21100	0	0	95915894700
SAP	20121109	13000	13900	12100	0	0	0	0	13000	0	0	16730792000
SCC	20121109	3600	3800	3400	0	0	0	0	3600	0	0	6795360000
SCJ	20121109	4500	4800	4200	4300	4500	4500	4300	4500	300	1330000	43911000000
SCL	20121109	3200	3400	3000	0	0	0	0	3200	0	0	28800000000
SCR	20121109	4000	4200	3800	3900	4100	4200	3900	4100	4072400	16564850000	586299430100
SD1	20121109	2700	2800	2600	2800	2800	2800	2800	2800	8600	24080000	14000000000
SD2	20121109	6000	6400	5600	5900	6000	6000	5900	6000	1600	9470000	72000000000
SD4	20121109	3800	4000	3600	3700	3700	3700	3700	3700	1000	3700000	38110000000
SD5	20121109	8000	8500	7500	8000	8000	8000	7900	8000	3300	26340000	72000000000
SD6	20121109	5200	5500	4900	5400	5400	5400	5200	5300	13200	70040000	101885668300
SD7	20121109	5100	5400	4800	5000	5000	5000	5000	5000	9800	49000000	45000000000
SD8	20121109	2300	2400	2200	0	0	0	0	2300	0	0	6440000000
SD9	20121109	6100	6500	5700	6200	6400	6400	6200	6300	25900	162930000	184275000000
SDA	20121109	4200	4400	4000	4200	4300	4400	4200	4400	1400	5920000	57654335200
SDB	20121109	2100	2200	2000	0	0	0	0	2100	0	0	23100000000
SDC	20121109	7500	8000	7000	0	0	0	0	7500	0	0	19572360000
SDD	20121109	2600	2700	2500	2600	2700	2700	2500	2700	50100	128990000	43219801800
SDE	20121109	8100	8600	7600	0	0	0	0	8100	0	0	14183869500
SDG	20121109	26000	27800	24200	0	0	0	0	26000	0	0	168999922000
SDH	20121109	3100	3300	2900	3200	3300	3300	3000	3200	42600	133380000	65726400000
SDJ	20121109	1300	1400	1200	1200	1400	1400	1200	1400	2200	2670000	6081180000
SDN	20121109	8500	9000	8000	9000	9000	9000	9000	9000	100	900000	13663962000
SDP	20121109	3500	3700	3300	3400	3500	3500	3400	3500	1600	5450000	38900652000
SDT	20121109	10800	11500	10100	10700	11200	11200	10700	11100	31600	348590000	233766000000
SDU	20121109	5300	5600	5000	5400	5600	5600	5400	5600	200	1100000	112000000000
SDY	20121109	1700	1800	1600	0	0	0	0	1700	0	0	7650000000
SEB	20121109	22800	24300	21300	22500	22500	22500	22500	22500	200	4500000	281137500000
SED	20121109	9800	10400	9200	9800	9900	9900	9700	9900	2500	24370000	79200000000
SEL	20121109	6000	6400	5600	6300	6300	6300	6300	6300	100	630000	31500000000
SFN	20121109	9000	9600	8400	0	0	0	0	9000	0	0	25777350000
SGC	20121109	14600	15600	13600	14600	14600	14600	14600	14600	100	1460000	104354668000
SGD	20121109	7600	8100	7100	8000	8000	8000	8000	8000	2500	20000000	26844800000
SGH	20121109	67000	71600	62400	0	0	0	0	67000	0	0	118342100000
SHB	20121109	4800	5100	4500	4800	4900	5000	4800	4900	4842900	23576320000	4341808468900
SHC	20121109	2900	3100	2700	2900	3000	3000	2900	3000	200	590000	12928650000
SHN	20121109	900	1000	800	900	800	900	800	800	54900	45120000	25962688000
SHS	20121109	3700	3900	3500	3700	3900	3900	3700	3900	690600	2665070000	389395500000
SIC	20121109	6800	7200	6400	0	0	0	0	6800	0	0	54399959200
SJ1	20121109	20500	21900	19100	20400	20100	20500	20100	20100	1300	26400000	77385000000
SJC	20121109	7300	7800	6800	6900	7400	7400	6900	7400	200	1430000	31435977000
SJE	20121109	7100	7500	6700	0	0	0	0	7100	0	0	56705548700
SJM	20121109	2300	2400	2200	0	0	0	0	2300	0	0	11500000000
SKS	20121109	6100	6500	5700	6000	6000	6000	6000	6000	2000	12000000	27000000000
SLS	20121109	23900	25500	22300	25400	25400	25400	25400	25400	100	2540000	172720000000
SMT	20121109	4600	4900	4300	0	0	0	0	4600	0	0	13485930400
SNG	20121109	13700	14600	12800	14000	14600	14600	13800	14600	51000	738790000	67282056000
SPI	20121109	8600	9200	8000	0	0	0	0	8600	0	0	21500000000
SPP	20121109	5200	5500	4900	0	0	0	0	5200	0	0	62211708000
SQC	20121109	79600	85100	74100	79600	79600	79600	79600	79600	100	7960000	8756000000000
SRA	20121109	2300	2400	2200	2300	2300	2300	2200	2300	2200	4960000	4600000000
SRB	20121109	2100	2200	2000	2000	2100	2100	2000	2100	6700	13720000	17850000000
SSG	20121109	4000	4200	3800	0	0	0	0	4000	0	0	19924760000
SSM	20121109	6000	6400	5600	0	0	0	0	6000	0	0	29684862000
STC	20121109	8500	9000	8000	8900	8900	8900	8900	8900	100	890000	47891167000
STL	20121109	3100	3300	2900	3200	3200	3300	3100	3200	12300	39360000	48000000000
STP	20121109	8300	8800	7800	8500	8300	8600	8300	8400	3300	27920000	55782720000
SVN	20121109	44500	47600	41400	0	0	0	0	44500	0	0	133500000000
SVS	20121109	2800	2900	2700	0	0	0	0	2800	0	0	37800000000
TAG	20121109	25300	27000	23600	0	0	0	0	25300	0	0	307692553300
TAS	20121109	1900	2000	1800	1800	1800	1800	1800	1800	100	180000	25019910000
TBX	20121109	8600	9200	8000	0	0	0	0	8600	0	0	12988408000
TC6	20121109	10800	11500	10100	10800	10800	10800	10800	10800	3200	34560000	140385895200
TCS	20121109	11200	11900	10500	11500	11200	11500	11200	11200	5300	59550000	167991364800
TCT	20121109	75700	80900	70500	0	0	0	0	75700	0	0	242012900000
TDN	20121109	9700	10300	9100	9700	9700	9800	9700	9700	29100	282580000	155200000000
TET	20121109	15000	16000	14000	0	0	0	0	15000	0	0	85544100000
TH1	20121109	25800	27600	24000	25800	26000	26000	25800	26000	6800	176400000	327465216000
THB	20121109	10800	11500	10100	0	0	0	0	10800	0	0	123385356000
THT	20121109	9300	9900	8700	9300	9400	9400	9300	9400	25600	238870000	128307537200
THV	20121109	800	900	700	800	800	800	700	700	487700	346590000	40424996500
TIG	20121109	2800	2900	2700	2800	2900	2900	2700	2900	5300	15030000	47850000000
TJC	20121109	2300	2400	2200	2200	2200	2200	2200	2200	2400	5280000	13200000000
TKC	20121109	4700	5000	4400	0	0	0	0	4700	0	0	45856565200
TKU	20121109	4400	4700	4100	4100	4200	4200	4100	4200	3700	15370000	102395773200
TLC	20121109	1600	1700	1500	1500	1600	1600	1500	1600	5100	7660000	17728000000
TLT	20121109	1500	1600	1400	1500	1400	1500	1400	1400	1200	1780000	9785720000
TMC	20121109	11000	11700	10300	11700	11700	11700	11700	11700	200	2340000	145080000000
TMX	20121109	5300	5600	5000	5100	5000	5100	5000	5000	20000	100400000	30000000000
TNG	20121109	5900	6300	5500	5900	6000	6000	5900	6000	18100	107120000	80767950000
TPH	20121109	4400	4700	4100	0	0	0	0	4400	0	0	8870334000
TPP	20121109	8600	9200	8000	8100	8100	8100	8000	8100	4900	39440000	32400000000
TSB	20121109	4700	5000	4400	0	0	0	0	4700	0	0	31703756000
TSM	20121109	7600	8100	7100	7100	7100	7100	7100	7100	100	710000	20846594000
TST	20121109	3900	4100	3700	0	0	0	0	3900	0	0	18720000000
TTC	20121109	4400	4700	4100	0	0	0	0	4400	0	0	26138323200
TV2	20121109	10500	11200	9800	0	0	0	0	10500	0	0	46184250000
TV3	20121109	9400	10000	8800	10000	10000	10000	10000	10000	1100	11000000	33809860000
TV4	20121109	9600	10200	9000	9600	9300	9900	9300	9300	2200	20880000	56188684200
TVD	20121109	7500	8000	7000	7600	8000	8000	7600	8000	2400	18340000	199978048000
TXM	20121109	3200	3400	3000	3100	3100	3100	3100	3100	100	310000	21700000000
UNI	20121109	7100	7500	6700	6900	7100	7100	6800	7100	43000	295660000	67339722800
V12	20121109	4600	4900	4300	4700	4600	4700	4600	4700	7800	36230000	27344600000
V15	20121109	2200	2300	2100	2100	2200	2300	2100	2200	7800	16740000	22000000000
V21	20121109	7500	8000	7000	0	0	0	0	7500	0	0	12750000000
VAT	20121109	5300	5600	5000	0	0	0	0	5300	0	0	5999600000
VBC	20121109	15200	16200	14200	0	0	0	0	15200	0	0	45599832800
VBH	20121109	9500	10100	8900	9700	9700	9700	9700	9700	100	970000	28130000000
VC1	20121109	15100	16100	14100	0	0	0	0	15100	0	0	108783420000
VC2	20121109	9200	9800	8600	0	0	0	0	9200	0	0	109153436800
VC3	20121109	9300	9900	8700	0	0	0	0	9300	0	0	73784340000
VC5	20121109	4700	5000	4400	4700	4700	4700	4700	4700	1000	4700000	23500000000
VC6	20121109	6400	6800	6000	6300	6300	6300	6300	6300	100	630000	50400000000
VC7	20121109	4100	4300	3900	4000	4100	4100	4000	4100	400	1620000	30750000000
VC9	20121109	5300	5600	5000	5300	5500	5500	5300	5500	2000	10800000	64323600000
VCC	20121109	8200	8700	7700	8000	8000	8000	8000	8000	3000	24000000	48000000000
VCG	20121109	5900	6300	5500	5900	6000	6100	5800	6000	293900	1742450000	2650264038000
VCH	20121109	1500	1600	1400	1600	1600	1600	1600	1600	2300	3680000	6400000000
VCM	20121109	9800	10400	9200	9600	10300	10300	9600	9700	3800	36740000	29100000000
VCR	20121109	2700	2800	2600	2700	2700	2700	2700	2700	100	270000	95148000000
VCS	20121109	8600	9200	8000	8600	8700	8700	8600	8700	1100	9470000	461093483700
VCV	20121109	2800	2900	2700	0	0	0	0	2800	0	0	30820112400
VDL	20121109	33500	35800	31200	0	0	0	0	33500	0	0	104816140000
VDS	20121109	4300	4600	4000	0	0	0	0	4300	0	0	150413944100
VE1	20121109	2300	2400	2200	2200	2400	2400	2200	2300	2600	5860000	6741944000
VE2	20121109	7600	8100	7100	8000	8100	8100	8000	8100	200	1610000	16994448000
VE3	20121109	5500	5800	5200	0	0	0	0	5500	0	0	7258405000
VE4	20121109	9800	10400	9200	10200	10200	10200	10200	10200	100	1020000	10485600000
VE8	20121109	3000	3200	2800	2800	2800	2800	2800	2800	500	1400000	5040000000
VE9	20121109	4900	5200	4600	4700	4600	4900	4600	4800	7600	35320000	34560422400
VFR	20121109	6000	6400	5600	6200	6000	6200	5800	6000	1500	8820000	90000000000
VGP	20121109	11800	12600	11000	0	0	0	0	11800	0	0	93355959600
VGS	20121109	3600	3800	3400	3700	3700	3700	3600	3700	141800	516680000	133212247000
VHH	20121109	2800	2900	2700	0	0	0	0	2800	0	0	16800000000
VHL	20121109	9300	9900	8700	9700	9900	9900	8700	9900	815000	7101790000	89100000000
VIE	20121109	4000	4200	3800	0	0	0	0	4000	0	0	6244976000
VIG	20121109	1600	1700	1500	1600	1600	1600	1500	1600	67900	107640000	54612480000
VIT	20121109	3800	4000	3600	4000	4000	4000	4000	4000	100	400000	39600000000
VIX	20121109	8100	8600	7600	0	0	0	0	8100	0	0	243000000000
VKC	20121109	4500	4800	4200	4500	4600	4600	4500	4600	133200	603900000	59800000000
VLA	20121109	9000	9600	8400	9000	9000	9000	9000	9000	13800	124200000	9027000000
VMC	20121109	12000	12800	11200	11700	11700	11700	11700	11700	5000	58500000	76050000000
VNC	20121109	13000	13900	12100	13200	13000	13300	13000	13000	3700	48950000	101884900000
VND	20121109	7700	8200	7200	7700	8100	8200	7700	8100	1879800	14948550000	809792121600
VNF	20121109	29700	31700	27700	0	0	0	0	29700	0	0	165859650000
VNR	20121109	14200	15100	13300	14200	14300	14300	14200	14300	3900	55720000	1441835509400
VNT	20121109	15600	16600	14600	0	0	0	0	15600	0	0	84498960000
VPC	20121109	2400	2500	2300	2500	2500	2500	2500	2500	100	250000	14062500000
VTC	20121109	3000	3200	2800	0	0	0	0	3000	0	0	13587429000
VTL	20121109	29900	31900	27900	0	0	0	0	29900	0	0	53820000000
VTS	20121109	15300	16300	14300	0	0	0	0	15300	0	0	30600000000
VTV	20121109	7200	7700	6700	0	0	0	0	7200	0	0	112320000000
VXB	20121109	7200	7700	6700	0	0	0	0	7200	0	0	29152843200
WCS	20121109	39900	42600	37200	37300	37300	37300	37300	37300	100	3730000	93250000000
WSS	20121109	3700	3900	3500	3700	3900	3900	3700	3800	35800	133670000	191140000000
XMC	20121109	5400	5700	5100	5300	5300	5300	5300	5300	2400	12720000	105981344000
YBC	20121109	11200	11900	10500	0	0	0	0	11200	0	0	53890032000
