ticker	market	yyyymm	date	svolume	sturnover	svelo	nb	nbt	shares_lis	pr_cls	ssnb	ssnbt	ssturnover	ssvolume	ssvelo
AAA	HNX	201208	41152	3977000	65962570000	40.1717	23	23	9900000	14100	250	250	9.82507E+11	55012200	555.6788
ACB	HNX	201208	41152	8832900	1.93649E+11	0.9461	23	23	933570390	19800	250	249	2.81519E+12	118503200	12.6935
ADC	HNX	201208	41152	20000	193650000	2	23	19	1000000	9500	250	198	2423080000	306900	30.69
ALT	HNX	201208	41152	16500	150870000	0.3081	23	13	5356212	9500	250	202	8667690000	808500	15.0948
ALV	HNX	201208	41152	342400	1519550000	22.8267	23	22	1500000	4200	250	246	25605820000	4311900	287.46
AMC	HNX	201208	41152	0	0	0	23	0	2739743	18000	138	48	3287100000	180400	6.5845
AME	HNX	201208	41152	47000	109320000	0.3917	23	19	12000000	2300	250	221	3191360000	981700	8.1809
AMV	HNX	201208	41152	54400	175740000	2.5712	23	16	2115750	2900	250	214	12156140000	2379100	112.5168
APG	HNX	201208	41152	192600	595550000	1.4236	23	22	13528900	3000	250	239	29522720000	6535600	48.3084
API	HNX	201208	41152	2363400	8712940000	8.9523	23	23	26400000	3600	250	249	1.96847E+11	44315400	167.8615
APP	HNX	201208	41152	65300	662950000	1.7116	23	19	3963960	10000	250	215	15529160000	1257300	34.8333
APS	HNX	201208	41152	19101300	78757760000	48.9777	23	23	39000000	3900	250	250	6.88629E+11	161325100	413.6542
ARM	HNX	201208	41152	29600	475900000	1.1416	23	10	2592740	15000	250	124	6132320000	407200	15.7054
ASA	HNX	201208	41152	3090200	43575630000	103.0067	23	23	3000000	14200	120	110	1.70969E+11	11696100	389.87
AVS	HNX	201208	41152	6187100	24164020000	17.1864	23	23	36000000	3800	250	249	5.21738E+11	114132500	317.0348
B82	HNX	201208	41152	7100	57650000	0.2367	23	18	3000000	7400	250	198	3320780000	312700	10.4235
BBS	HNX	201208	41152	9400	70340000	0.235	23	11	4000000	7000	250	166	9288400000	1167300	29.1825
BCC	HNX	201208	41152	1259300	5852590000	1.3164	23	23	95661397	4400	250	250	2.23736E+11	43791500	45.7776
BDB	HNX	201208	41152	0	0	0	23	0	1126474	7200	250	80	450690000	79300	7.0396
BED	HNX	201208	41152	800	7680000	0.0267	23	5	3000000	9600	250	63	1002070000	93100	3.1034
BHC	HNX	201208	41152	4600	13020000	0.1022	23	7	4500000	2700	250	189	5889630000	1305800	29.0178
BHT	HNX	201208	41152	43800	311070000	0.9595	23	15	4565000	6500	250	67	907080000	108300	2.4289
BHV	HNX	201208	41152	0	0	0	23	0	1000013	8900	250	98	528210000	48500	4.85
BKC	HNX	201208	41152	1643600	16402300000	27.2358	23	23	6034700	9000	250	249	2.31069E+11	19691200	326.2995
BLF	HNX	201208	41152	261300	928890000	5.226	23	22	5000000	3500	250	246	26700240000	5653100	113.062
BPC	HNX	201208	41152	51100	408440000	1.3447	23	16	3800000	8000	250	192	9128920000	1168900	30.7604
BSC	HNX	201208	41152	200	1440000	0.0063	23	2	3150747	7400	250	76	1161110000	135700	4.4834
BST	HNX	201208	41152	400	2920000	0.0364	23	1	1100000	7300	250	78	1100370000	169100	15.3729
BTH	HNX	201208	41152	7300	42860000	0.2086	23	14	3500000	5400	250	133	1913730000	273800	7.8229
BTS	HNX	201208	41152	86400	542710000	0.0792	23	16	109056192	6200	250	212	9307530000	1720000	1.5771
BVG	HNX	201208	41152	162800	469090000	1.6696	23	22	9750948	2900	250	248	38845090000	9493800	97.3628
BVS	HNX	201208	41152	13749300	1.64962E+11	19.0344	23	23	72233937	10900	250	249	2.71816E+12	196083400	271.456
BXH	HNX	201208	41152	1300	6230000	0.0432	23	11	3012040	4800	250	55	152930000	19100	0.6341
C92	HNX	201208	41152	47000	425340000	1.9583	23	16	2400000	7700	250	211	8541220000	950100	39.5874
CAN	HNX	201208	41152	110300	3257170000	2.206	23	21	5000000	25000	250	196	24846990000	909900	18.198
CAP	HNX	201208	41152	121300	3207020000	7.1351	23	22	1700045	27100	250	236	29861130000	1271600	76.9125
CCM	HNX	201208	41152	5600	79410000	0.1217	23	15	4600000	15600	250	232	44896700000	4588400	99.7477
CIC	HNX	201208	41152	601100	1618750000	12.9685	23	23	4635062	2400	250	249	63263080000	16195900	363.7246
CID	HNX	201208	41152	2400	16320000	0.2218	23	4	1082000	6800	250	64	631500000	91800	8.4841
CJC	HNX	201208	41152	3200	50670000	0.16	23	8	2000000	14000	250	102	2122590000	114800	5.74
CKV	HNX	201208	41152	90100	752910000	2.2247	23	15	4050000	9000	250	219	9363990000	1298900	32.0716
CMC	HNX	201208	41152	74200	336080000	1.6268	23	19	4561050	4700	250	194	7175180000	1250200	28.9221
CMI	HNX	201208	41152	4482200	52066900000	69.7239	23	23	6428500	10600	250	249	2.69546E+11	28146100	437.8331
CMS	HNX	201208	41152	346000	3865160000	6.92	23	23	5000000	11300	250	229	75995040000	5764300	152.316
CPC	HNX	201208	41152	162300	2069100000	3.7717	23	20	4303050	12800	250	186	9911570000	826900	19.3079
CSC	HNX	201208	41152	226900	2216770000	4.538	23	21	5000000	8900	250	225	36875050000	2857800	57.156
CT6	HNX	201208	41152	16200	129890000	0.2652	23	14	6108078	8100	250	144	2928270000	300400	4.918
CTA	HNX	201208	41152	326300	1483170000	4.0788	23	23	8000000	4000	250	242	45007450000	8063200	100.7904
CTB	HNX	201208	41152	27600	422980000	1.0005	23	15	2758680	15200	249	102	2307240000	147300	5.5737
CTC	HNX	201208	41152	161700	1017770000	1.8375	23	23	8799926	6000	250	249	31112940000	4293200	51.5971
CTM	HNX	201208	41152	252600	1017790000	5.7409	23	22	4399996	3800	250	248	56424690000	9225000	214.1885
CTN	HNX	201208	41152	162900	819610000	2.3411	23	20	6958345	4700	250	245	42131140000	7480900	111.9065
CTS	HNX	201208	41152	1211700	9380570000	1.5339	23	23	78993400	7300	250	249	4.07166E+11	47441700	60.058
CTV	HNX	201208	41152	7700	28240000	0.385	23	11	2000000	4000	245	107	812890000	151300	7.565
CTX	HNX	201208	41152	29400	259380000	0.1155	23	11	25453800	10400	70	47	1295740000	143800	0.5649
CVN	HNX	201208	41152	1089700	11173480000	33.5292	23	23	3250000	10500	250	131	51501360000	3807900	117.1662
CVT	HNX	201208	41152	400800	3689230000	5.01	23	23	8000000	9100	250	247	1.113E+11	9635200	120.4402
CX8	HNX	201208	41152	5900	25660000	0.3174	23	10	1858960	4200	250	163	2310690000	502500	27.0313
D11	HNX	201208	41152	55100	737440000	1.5137	23	19	3639995	12300	250	190	21671780000	1112700	30.6312
DAC	HNX	201208	41152	200	3000000	0.0199	23	1	1004974	15000	250	58	522260000	34900	3.4728
DAD	HNX	201208	41152	296200	2481690000	5.924	23	21	5000000	8200	250	196	10642380000	1365300	27.306
DAE	HNX	201208	41152	11300	107510000	0.754	23	12	1498680	9600	250	141	5112950000	610600	40.7424
DBC	HNX	201208	41152	2819100	59625820000	5.8234	23	23	48409960	21300	250	249	1.14754E+12	57901500	129.1726
DBT	HNX	201208	41152	39900	645520000	1.33	23	14	3000000	15400	250	142	5545300000	343500	11.4502
DC2	HNX	201208	41152	42900	311360000	1.7024	23	16	2520000	6900	250	179	5298670000	637800	25.3096
DC4	HNX	201208	41152	97400	658040000	1.948	23	19	5000000	6800	250	207	17160810000	2053400	41.068
DCS	HNX	201208	41152	14605900	71611570000	43.5997	23	23	33500000	4200	250	250	1.07756E+12	180880700	539.9425
DHI	HNX	201208	41152	15100	55180000	0.5746	23	18	2628042	4000	250	145	397280000	104300	5.0337
DHL	HNX	201208	41152	808000	7912080000	14.6909	23	23	5500000	9200	61	60	19835990000	2014700	36.6309
DHT	HNX	201208	41152	49400	1244940000	0.7863	23	21	6282602	26500	250	237	92583430000	2521200	51.9928
DID	HNX	201208	41152	233600	1306440000	4.672	23	21	5000000	5100	250	239	42250640000	6243800	124.876
DIH	HNX	201208	41152	54900	644760000	1.8392	23	20	2984942	11100	250	148	24141740000	1474100	49.3845
DL1	HNX	201208	41152	23100	234010000	1.1159	23	23	2069994	9200	250	131	1733100000	141400	7.1808
DLR	HNX	201208	41152	120000	1386280000	2.6667	23	20	4500000	11200	250	193	54395430000	3018600	67.08
DNC	HNX	201208	41152	3900	34400000	0.1773	23	6	2199697	9700	250	138	376480000	62700	2.8504
DNM	HNX	201208	41152	4500	55700000	0.1866	23	12	2411510	13000	250	158	1116040000	99100	4.1095
DNP	HNX	201208	41152	16400	210000000	0.4785	23	8	3427637	13000	250	195	65198730000	4374000	127.6097
DNY	HNX	201208	41152	463700	4347570000	2.3185	23	23	20000000	8300	250	199	1.09741E+11	9192800	45.964
DPC	HNX	201208	41152	50600	656070000	2.2617	23	17	2237280	10700	250	148	3033840000	248800	11.1206
DST	HNX	201208	41152	22900	84230000	2.29	23	12	1000000	3400	250	194	2319170000	506100	50.61
DTC	HNX	201208	41152	21100	108570000	1.055	23	18	2000000	5100	250	148	7997830000	731100	37.19
DXP	HNX	201208	41152	485700	12870420000	6.1676	23	23	7874972	26000	250	225	46318910000	1784900	22.7074
DZM	HNX	201208	41152	188900	1519330000	3.5008	23	22	5395985	7200	250	248	1.31093E+11	9486000	247.9187
EBS	HNX	201208	41152	4647900	35885900000	45.4808	23	23	10219484	7500	250	249	2.17997E+11	30355000	297.0308
ECI	HNX	201208	41152	29800	263220000	1.6022	23	10	1860000	8800	250	192	16756090000	1940100	104.3064
EFI	HNX	201208	41152	969000	6482560000	7.2175	23	23	13425700	6200	250	249	1.36152E+11	19177800	142.8441
EID	HNX	201208	41152	140300	1188160000	0.9353	23	20	15000000	8500	250	240	35149330000	4338400	28.9226
FDT	HNX	201208	41152	2600	54930000	0.0851	23	8	3054500	20500	244	92	12724890000	580500	19.0047
FLC	HNX	201208	41152	17862100	1.78211E+11	23.1434	23	23	77180000	6800	227	227	1.1939E+12	77039500	329.2731
GBS	HNX	201208	41152	2216200	35642490000	16.4163	23	23	13500000	15900	250	250	5.93057E+11	38169800	282.7393
GFC	HNX	201208	41152	1800	12770000	0.0212	23	4	8480000	7400	250	143	5536480000	700600	8.3111
GGG	HNX	201208	41152	383400	731160000	4.1778	23	23	9177171	1900	249	248	39840690000	12986800	141.7216
GLT	HNX	201208	41152	2500	36190000	0.0271	23	4	9236446	13500	250	142	6048910000	434500	4.7041
GMX	HNX	201208	41152	131000	1546870000	2.4621	23	22	5320694	11600	241	174	8173550000	682700	12.8309
HAD	HNX	201208	41152	16800	441930000	0.42	23	10	4000000	25000	250	80	2085270000	87700	2.1925
HAT	HNX	201208	41152	8000	154650000	0.2562	23	11	3123000	20000	250	124	3469320000	173100	5.5429
HBB	HNX	201208	41137	43668000	2.21291E+11	10.7822	12	12	405000000	5200	239	239	6.50608E+12	1044501200	259.9328
HBD	HNX	201208	41152	8200	94310000	0.5342	23	10	1535000	11000	250	138	4739610000	353900	23.0554
HBE	HNX	201208	41152	400	1990000	0.0179	23	4	2231058	5400	250	105	1117540000	278400	12.4783
HBS	HNX	201208	41152	1316200	10876490000	3.9885	23	23	32999980	7000	250	249	1.29564E+12	97975200	296.8949
HCC	HNX	201208	41152	45700	470950000	1.2451	23	13	3670522	10000	250	202	18377580000	1874500	51.2164
HCT	HNX	201208	41152	175800	1011900000	8.7186	23	20	2016385	5400	250	161	5665350000	853900	42.3481
HDA	HNX	201208	41152	4900	37240000	0.2227	23	12	2200000	7400	250	137	1392710000	183100	8.3227
HDO	HNX	201208	41152	4425600	43697480000	46.7828	23	23	9459879	8100	250	250	3.92793E+11	36592000	386.8126
HEV	HNX	201208	41152	7800	83780000	0.78	23	9	1000000	11200	250	183	6300530000	675000	67.5
HGM	HNX	201208	41152	12000	1061910000	0.2	23	11	6000000	90500	250	149	42793510000	450400	7.5068
HHC	HNX	201208	41152	36800	536760000	0.4481	23	19	8212500	14000	250	218	18972600000	1108000	13.4914
HHG	HNX	201208	41152	16300	49200000	0.1199	23	23	13600000	2700	250	243	10037470000	2625600	19.3057
HHL	HNX	201208	41152	70600	150080000	2.5689	23	18	2748270	2200	250	236	18242180000	6215600	226.1641
HJS	HNX	201208	41152	2252100	16790870000	15.014	23	23	14999989	7200	250	249	1.01194E+11	14848400	98.9894
HLC	HNX	201208	41152	15200	155810000	0.1271	23	9	11955675	10100	250	165	10592010000	904900	7.5688
HLY	HNX	201208	41152	1200	13640000	0.12	23	2	1000000	11300	250	84	3408610000	214200	21.42
HMH	HNX	201208	41152	492100	8592900000	6.8539	23	23	7179906	14000	250	239	39588130000	2655600	39.3404
HNM	HNX	201208	41152	346900	1846340000	2.7752	23	23	12500000	5000	250	240	43242370000	5651800	45.2144
HOM	HNX	201208	41152	1007300	6097820000	1.399	23	23	72000000	6000	250	249	1.86621E+11	30060100	41.7502
HPB	HNX	201208	41152	70600	674590000	1.8196	23	10	3880000	9500	250	186	15843370000	1625000	41.8813
HPC	HNX	201208	41152	4278700	17751860000	10.6619	23	23	40130620	3800	250	249	4.13173E+11	88584800	220.7412
HPR	HNX	201208	41152	139800	1325910000	2.9125	23	22	4800000	9800	250	199	11701560000	1132900	23.6021
HPS	HNX	201208	41152	0	0	0	23	0	1565250	7000	250	77	942700000	175900	11.2377
HST	HNX	201208	41152	15900	67940000	1.06	23	10	1500000	4100	250	146	685360000	170800	11.3866
HTB	HNX	201208	41152	0	0	0	23	0	1800000	34000	250	7	2070060000	46900	2.6056
HTC	HNX	201208	41152	35900	495550000	0.6838	23	11	5250000	13600	250	169	13505840000	1054400	20.0837
HTP	HNX	201208	41152	177200	872740000	9.8173	23	20	1804980	4900	250	223	9607480000	2074300	114.9209
HUT	HNX	201208	41152	7214400	68255650000	20.614	23	23	34997600	8600	250	250	1.2636E+12	120303800	343.7488
HVT	HNX	201208	41152	55500	481640000	0.7672	23	16	7234212	8600	250	133	4318360000	440700	6.0918
ICG	HNX	201208	41152	2101700	17263710000	10.5085	23	23	20000000	7100	250	250	7.27902E+11	66156400	330.782
IDJ	HNX	201208	41152	5530900	22556050000	16.966	23	23	32600000	3700	250	250	8.30627E+11	168110600	515.6767
IDV	HNX	201208	41152	300	5240000	0.0085	23	3	3528500	16800	250	75	2033210000	107100	3.0352
ILC	HNX	201208	41152	62200	334870000	1.5267	23	17	4074052	5100	250	105	1475100000	194300	4.7692
INC	HNX	201208	41152	2000	8090000	0.1111	23	9	1800000	4100	250	154	1176200000	217800	12.0999
INN	HNX	201208	41152	27400	307560000	0.5074	23	15	5400000	11000	250	171	5090810000	410100	7.5944
IVS	HNX	201208	41152	2753400	13539880000	17.1019	23	23	16100000	4100	250	246	2.23328E+11	35060900	217.7696
KBT	HNX	201208	41152	2100	34400000	0.07	23	1	3001699	18000	250	17	1001930000	50600	2.132
KHB	HNX	201208	41152	4638300	24011670000	73.9761	23	23	6270000	3900	250	197	3.94304E+11	48600700	775.1308
KHL	HNX	201208	41152	965300	4043820000	17.2375	23	23	5600000	4200	134	132	39518770000	7932900	141.6589
KKC	HNX	201208	41152	193700	1757570000	3.725	23	22	5200000	9000	250	244	91052330000	7716000	148.3845
KLS	HNX	201208	41152	65844100	6.34125E+11	32.5156	23	23	202500000	8900	250	250	9.779E+12	885824400	437.4442
KMT	HNX	201208	41152	6300	34110000	0.064	23	18	9846562	5100	250	157	599410000	94300	0.9578
KSD	HNX	201208	41152	4126900	11359890000	38.4345	23	23	10737500	2400	250	250	3.63151E+11	82414900	767.5427
KST	HNX	201208	41152	0	0	0	23	0	2996010	4600	250	102	183810000	22400	0.7477
KTS	HNX	201208	41152	1600	59040000	0.041	23	9	3900000	37300	250	141	8554790000	241500	6.2007
KTT	HNX	201208	41152	49800	140910000	1.7322	23	18	2875000	2700	250	229	6576540000	2089000	72.9524
L14	HNX	201208	41152	0	0	0	23	0	2830000	9500	243	85	3097000000	291400	10.297
L18	HNX	201208	41152	77500	662310000	1.4352	23	16	5400000	9600	250	237	50499260000	4638900	85.9055
L35	HNX	201208	41152	17700	99990000	0.5421	23	9	3265155	5100	250	212	10557080000	2043900	62.5974
L43	HNX	201208	41152	4500	32910000	0.1286	23	4	3500000	8600	250	147	10421580000	1229600	35.1314
L44	HNX	201208	41152	122400	814230000	3.06	23	19	4000000	6300	250	237	37916330000	4886400	122.16
L61	HNX	201208	41152	43900	323970000	0.6258	23	13	7015000	7400	250	190	4857050000	619100	8.8253
L62	HNX	201208	41152	100	800000	0.0017	23	1	5741817	8000	250	73	1305490000	154200	2.7227
LAS	HNX	201208	41152	2481000	67309490000	4.3294	23	23	64860000	28300	127	126	3.57553E+11	12972200	23.7396
LBE	HNX	201208	41152	11300	108500000	1.0273	23	8	1100000	9700	250	160	2650430000	303400	27.5819
LCD	HNX	201208	41152	0	0	0	23	0	1324000	7700	250	49	127380000	15600	1.1784
LCS	HNX	201208	41152	622400	5648670000	10.3733	23	23	6000000	7900	250	249	3.84315E+11	29751100	524.0009
LDP	HNX	201208	41152	41300	967890000	1.2147	23	19	3399959	25600	249	162	11855450000	483400	14.715
LHC	HNX	201208	41152	42500	995310000	2.125	23	15	2000000	23200	250	156	8984540000	382500	19.125
LIG	HNX	201208	41152	675700	5495780000	5.6308	23	23	12000000	7800	250	247	1.69003E+11	16263900	135.5325
LM3	HNX	201208	41152	42400	119940000	0.8233	23	16	5150000	2800	250	237	5985050000	1601500	31.097
LM7	HNX	201208	41152	55000	189990000	1.1095	23	21	4957000	3600	250	162	3595550000	826000	16.6634
LO5	HNX	201208	41152	33300	99990000	0.666	23	15	5000000	3100	250	220	5223000000	1285700	25.714
LTC	HNX	201208	41152	133700	645450000	2.9154	23	23	4586000	4800	250	248	43685000000	5893800	150.0269
LUT	HNX	201208	41152	59900	353670000	0.3993	23	15	15000000	5700	250	229	75016330000	7882800	52.552
MAC	HNX	201208	41152	521600	1898740000	9.484	23	22	5499811	3600	250	246	49439250000	11459600	208.3637
MAX	HNX	201208	41152	2751200	21753160000	38.2111	23	23	7200000	6400	250	250	5.91658E+11	62423500	866.9931
MCC	HNX	201208	41152	16800	209900000	0.3599	23	16	4668300	13600	250	103	1258950000	102100	2.1872
MCF	HNX	201208	41152	27500	294880000	0.3438	23	12	8000000	10400	250	118	2517880000	211900	5.1819
MCL	HNX	201208	41152	150400	332550000	6.7748	23	20	2220000	2200	250	231	9993100000	2897900	130.536
MCO	HNX	201208	41152	32600	98900000	0.7944	23	14	4103929	2900	250	147	4947870000	1154800	28.1389
MDC	HNX	201208	41152	61300	590520000	0.4064	23	18	15083952	10000	249	195	18264760000	1375600	9.2096
MEC	HNX	201208	41152	148500	740500000	2.1214	23	21	7000000	4900	250	221	16558010000	2462800	35.1828
MHL	HNX	201208	41152	500	3650000	0.0126	23	1	3976350	7300	250	92	4997770000	398000	10.0093
MIC	HNX	201208	41152	120700	1518540000	2.2001	23	23	5486046	12300	250	246	1.70939E+11	10668200	194.4605
MIH	HNX	201208	41152	4500	50640000	0.1125	23	11	4000000	11700	250	182	2351140000	167100	4.1775
MIM	HNX	201208	41152	100	760000	0.0029	23	1	3409860	7600	250	121	3470350000	387800	12.5096
MKV	HNX	201208	41152	11800	101270000	1.0502	23	20	1123600	7900	250	176	2738410000	412900	36.8993
MMC	HNX	201208	41152	200	1680000	0.0063	23	2	3160000	8100	250	145	3619860000	460600	14.576
MNC	HNX	201208	41152	130100	435440000	1.854	23	23	7017130	3000	250	225	6069670000	1509400	21.5101
NAG	HNX	201208	41152	57700	212970000	0.3886	23	20	14849578	3400	250	246	20596770000	4565400	30.8822
NBC	HNX	201208	41152	762800	8281320000	6.3567	23	23	12000000	11400	250	238	1.03555E+11	6250700	52.0891
NBP	HNX	201208	41152	53900	799020000	0.4189	23	15	12865500	15500	250	187	28426020000	1896800	14.7433
NDN	HNX	201208	41152	1135500	8226360000	11.3323	23	23	10020000	6900	250	250	2.47741E+11	25185900	251.3562
NET	HNX	201208	41152	82200	3155350000	1.0276	23	15	7999446	38500	250	179	19227050000	514600	6.9434
NGC	HNX	201208	41152	2000	21230000	0.1667	23	6	1200000	12300	250	142	1561720000	182300	15.1918
NHA	HNX	201208	41152	357400	1919930000	4.0453	23	21	8835000	4700	250	231	42483280000	8667600	98.1056
NHC	HNX	201208	41152	21900	516060000	1.4401	23	19	1520771	21500	250	180	9785570000	381900	25.1124
NIS	HNX	201208	41152	45700	237260000	1.5233	23	22	3000000	5100	250	126	1301160000	252500	8.4168
NLC	HNX	201208	41152	185700	2517690000	3.714	23	19	5000000	13900	250	192	10994960000	794700	15.894
NPS	HNX	201208	41152	4800	66530000	0.2212	23	7	2170000	13900	250	141	3396130000	283700	13.0737
NSN	HNX	201208	41152	2400	8710000	0.0811	23	7	2959314	3000	250	120	1553550000	329700	11.141
NST	HNX	201208	41152	25900	248390000	0.3746	23	21	6913133	9200	250	212	9792730000	877800	12.6975
NTP	HNX	201208	41152	37200	1299030000	0.0858	23	18	43337996	35200	250	224	1.32342E+11	3263900	7.5313
NVB	HNX	201208	41152	83400	657810000	0.0277	23	23	301021552	8000	250	248	47344060000	5772600	1.9708
NVC	HNX	201208	41152	840000	1480600000	5.25	23	23	16000000	1500	250	250	64758830000	18901200	118.1324
OCH	HNX	201208	41152	1291900	23311200000	1.2919	23	23	100000000	17500	250	246	2.39288E+11	15151000	15.151
ONE	HNX	201208	41152	160100	1116080000	3.202	23	22	5000000	6800	250	229	10349130000	1486200	29.724
ORS	HNX	201208	41152	3758200	10930070000	15.6592	23	23	24000000	2600	250	249	2.71563E+11	80574700	335.728
PCG	HNX	201208	41152	12000	62110000	0.0636	23	8	18870000	5000	250	173	6867530000	1333800	7.0684
PCT	HNX	201208	41152	263900	773870000	1.1474	23	21	23000000	3000	244	238	22512000000	6205800	26.9817
PDC	HNX	201208	41152	506800	1755260000	3.3787	23	23	15000000	3300	250	245	23445740000	5548300	36.9886
PFL	HNX	201208	41152	4373200	17539850000	8.7464	23	23	50000000	3500	250	250	4.15491E+11	74756100	149.5122
PGS	HNX	201208	41152	10532700	2.01795E+11	27.7176	23	23	38000000	17600	250	250	3.6578E+12	159231400	419.0299
PGT	HNX	201208	41152	610000	2376730000	6.6004	23	23	9241801	3600	250	250	52455950000	12056000	130.4508
PHC	HNX	201208	41152	106200	453110000	0.9708	23	22	10939977	5000	250	217	15517060000	2370900	21.6719
PHH	HNX	201208	41152	532400	2612870000	2.662	23	22	20000000	4900	250	247	1.08787E+11	18220800	91.104
PHS	HNX	201208	41152	30000	105540000	0.1	23	13	30000000	3500	250	230	16240060000	3892900	12.9762
PIV	HNX	201208	41152	200	820000	0.0167	23	1	1200000	4100	250	87	712310000	105800	8.8167
PJC	HNX	201208	41152	10800	148170000	0.3455	23	8	3126300	13500	250	87	1976850000	155500	5.0551
PLC	HNX	201208	41152	3110000	50668440000	5.1627	23	23	60239378	15900	250	249	3.77382E+11	19165000	37.7761
PMC	HNX	201208	41152	72900	1725450000	1.1247	23	22	6481634	24000	250	215	16915540000	833200	12.8548
PMS	HNX	201208	41152	5200	35740000	0.0719	23	7	7227662	6600	250	117	1007810000	136900	2.1093
POT	HNX	201208	41152	1402000	13786430000	7.2156	23	23	19430006	8700	250	248	1.98012E+11	17713800	91.1671
PPE	HNX	201208	41152	700	3380000	0.035	23	2	2000000	5000	237	115	2192640000	375700	18.785
PPG	HNX	201208	41152	51800	257250000	0.7055	23	20	7342500	5300	249	238	14110360000	2792300	39.0213
PPP	HNX	201208	41152	10300	82950000	0.441	23	9	2335500	8400	250	174	5876530000	849100	36.3561
PPS	HNX	201208	41152	1083800	8806380000	7.2253	23	23	15000000	7500	250	249	6.46716E+11	48253200	321.6879
PRC	HNX	201208	41152	4700	31000000	0.3917	23	4	1200000	7200	250	104	1654190000	223500	18.6249
PSC	HNX	201208	41152	0	0	0	23	0	4800000	12500	250	56	496760000	38300	0.7981
PSG	HNX	201208	41152	1501200	3105480000	4.2891	23	23	35000000	1900	250	235	1.40692E+11	32261400	92.1755
PSI	HNX	201208	41152	1560200	7432960000	2.6072	23	23	59841300	4500	250	250	3.29324E+11	56954800	95.1765
PTI	HNX	201208	41152	240300	2422220000	0.534	23	21	45000000	9100	250	241	91421280000	8185200	18.1894
PTM	HNX	201208	41152	1400	11660000	0.0333	23	7	4200000	8300	250	93	543470000	61600	1.4696
PTS	HNX	201208	41152	86100	578390000	1.5582	23	22	5525526	6900	250	232	15878330000	2034000	36.8111
PV2	HNX	201208	41152	7920600	42607200000	21.2064	23	23	37350000	5300	250	244	5.46896E+11	80508900	215.5526
PVA	HNX	201208	41152	8139500	63774130000	37.2585	23	23	21846000	6600	250	250	1.22716E+12	117804600	675.9087
PVC	HNX	201208	41152	2110000	29658180000	6.0286	23	23	35000000	13500	250	249	1.0596E+12	66861500	191.033
PVE	HNX	201208	41152	451500	4585680000	1.806	23	23	25000000	9600	250	250	3.90375E+11	32867700	178.691
PVG	HNX	201208	41152	7088400	75206850000	25.5716	23	23	27719850	10200	250	250	1.76909E+12	136128200	491.0855
PVI	HNX	201208	41152	518600	8373810000	0.2435	23	23	212947152	15500	249	248	3.62786E+11	20116900	10.7804
PVL	HNX	201208	41152	8666000	40363670000	17.332	23	23	50000000	4200	250	249	1.29888E+12	222463300	444.9266
PVR	HNX	201208	41152	56000	260480000	0.1055	23	19	53100913	4200	250	239	19938340000	2614000	4.9227
PVS	HNX	201208	41152	18760300	2.77124E+11	6.2996	23	23	297802094	15300	250	250	3.52684E+12	214018900	71.8662
PVV	HNX	201208	41152	1078500	4947360000	3.595	23	23	30000000	4000	250	249	2.19187E+11	32316700	107.7224
PVX	HNX	201208	41152	63608700	4.8774E+11	15.9022	23	23	400000000	6600	250	250	9.51759E+12	938467900	329.1583
PXA	HNX	201208	41152	1392000	5605760000	9.28	23	23	15000000	3500	250	247	1.31852E+11	26837900	178.9193
QCC	HNX	201208	41152	45600	126760000	3.04	23	14	1500000	2900	250	149	825620000	294200	19.6133
QHD	HNX	201208	41152	11900	66290000	0.28	23	9	4249901	4700	250	118	640840000	90000	2.1177
QNC	HNX	201208	41152	173600	1185860000	0.9409	23	19	18451109	6800	250	232	54064910000	6204200	33.6251
QST	HNX	201208	41152	10200	87720000	0.7556	23	1	1350000	8600	250	20	538490000	61700	4.5705
QTC	HNX	201208	41152	26800	501470000	2.2333	23	11	1200000	18500	250	181	24343120000	1082600	90.2166
RCL	HNX	201208	41152	73500	1257320000	1.6334	23	21	4499763	17100	250	231	17323850000	1004500	22.3234
RHC	HNX	201208	41152	68600	832200000	1.3398	23	15	5120000	12000	250	148	3007450000	245200	4.9449
S12	HNX	201208	41152	5200	20610000	0.104	23	11	5000000	4000	250	195	4504150000	811400	16.228
S27	HNX	201208	41152	2300	5050000	0.1472	23	4	1562833	2200	250	150	994180000	308100	19.7143
S55	HNX	201208	41152	48300	1012840000	1.9351	23	22	2496000	20500	250	217	14303100000	728400	29.1827
S74	HNX	201208	41152	215900	1615040000	3.5983	23	21	6000000	6600	250	233	16876040000	2159900	35.9982
S91	HNX	201208	41152	49200	235880000	1.6735	23	14	2940000	5100	250	207	5706940000	1021300	34.7383
S96	HNX	201208	41152	933200	4105650000	8.3654	23	23	11155532	3800	250	249	4.38165E+11	48633600	442.5988
S99	HNX	201208	41152	478800	2451950000	4.2108	23	23	12496929	4700	250	249	78520310000	11054700	109.9808
SAF	HNX	201208	41152	2600	67410000	0.0572	23	3	4545777	25000	250	90	4632310000	195400	4.2985
SAP	HNX	201208	41152	53200	813250000	4.1337	23	19	1286984	15800	250	191	5972560000	814700	63.303
SCC	HNX	201208	41152	57700	172360000	2.9141	23	15	1980000	2900	250	180	2538430000	660100	33.3383
SCJ	HNX	201208	41152	109300	818100000	1.1201	23	22	9758000	6900	250	244	32325050000	3252700	33.3338
SCL	HNX	201208	41152	18300	99310000	0.2033	23	6	9000000	4900	250	173	12947290000	2101700	23.3522
SCR	HNX	201208	41152	53509800	4.7463E+11	41.7056	23	23	130000000	7700	250	250	4.56613E+12	398712400	386.9082
SD1	HNX	201208	41152	246600	1085250000	4.932	23	23	5000000	3800	250	223	21695590000	3411900	68.238
SD2	HNX	201208	41152	322600	2396320000	2.6883	23	23	12000000	7000	250	247	91636500000	10332200	86.1017
SD3	HNX	201208	41152	353300	1201110000	2.2082	23	23	15999356	3100	250	250	84199080000	14995400	93.7251
SD4	HNX	201208	41152	80800	348580000	0.7845	23	23	10300000	4000	250	243	10441740000	2097200	20.3612
SD5	HNX	201208	41152	2200	33170000	0.0244	23	6	9000000	14600	250	162	5880600000	276300	3.0699
SD6	HNX	201208	41152	1046400	6845560000	5.9761	23	23	17509824	6000	250	250	1.94812E+11	21941200	125.3082
SD7	HNX	201208	41152	531000	4514960000	5.9	23	22	9000000	7700	250	248	1.56893E+11	13140100	146.0012
SD8	HNX	201208	41152	14500	49140000	0.5179	23	12	2800000	3300	250	193	2551000000	541500	19.3393
SD9	HNX	201208	41152	1138500	9419750000	3.8923	23	23	29250000	7900	250	250	2.76075E+11	27170600	92.891
SDA	HNX	201208	41152	377200	2338770000	2.8786	23	23	13103426	5600	250	249	83494730000	9924700	77.9392
SDB	HNX	201208	41152	300	870000	0.0027	23	3	11000000	3000	250	186	4105550000	1127400	10.249
SDC	HNX	201208	41152	11700	104840000	0.4483	23	12	2609710	6700	250	102	801410000	77300	3.1075
SDD	HNX	201208	41152	2313400	9235670000	14.4518	23	23	16007685	3500	250	250	3.8365E+11	72534100	456.5682
SDE	HNX	201208	41152	1600	18250000	0.0914	23	5	1751092	10500	250	194	2838740000	385100	21.992
SDG	HNX	201208	41152	2900	84330000	0.0446	23	8	6499997	30700	250	134	13045080000	513000	7.8924
SDH	HNX	201208	41152	3044500	15460880000	14.5322	23	23	20950000	4500	250	249	8.30701E+11	105500900	503.5843
SDJ	HNX	201208	41152	19600	68160000	0.4512	23	12	4343700	3400	250	182	4569090000	864300	19.8976
SDN	HNX	201208	41152	1400	13150000	0.0922	23	4	1518218	9100	250	70	413270000	34900	2.2987
SDP	HNX	201208	41152	622000	3088090000	5.5963	23	23	11114472	4000	250	249	63095450000	9798200	91.6713
SDS	HNX	201208	41152	3900	24130000	0.1393	23	12	2800000	6400	250	140	652220000	92600	3.3072
SDT	HNX	201208	41152	1713600	19684220000	8.1368	23	23	21060000	10900	250	244	1.15002E+11	9275600	48.5136
SDU	HNX	201208	41152	56600	325510000	0.283	23	22	20000000	5900	250	237	43105840000	4503100	22.5155
SDY	HNX	201208	41152	39200	85360000	0.8711	23	20	4500000	2200	250	220	4369870000	1340300	29.7844
SEB	HNX	201208	41152	114800	2655130000	0.9184	23	21	12500000	22700	250	172	21261450000	1224300	9.7944
SED	HNX	201208	41152	420400	3799840000	5.255	23	23	8000000	9200	250	238	31026140000	3678000	45.9753
SEL	HNX	201208	41152	129500	809120000	2.6701	23	19	4850000	6000	250	223	15551750000	2757700	56.8598
SFN	HNX	201208	41152	34100	327510000	1.1367	23	15	3000000	9200	250	151	2496960000	275800	9.1934
SGC	HNX	201208	41152	4300	90340000	0.0602	23	5	7147580	21000	250	133	5783630000	251800	3.5229
SGD	HNX	201208	41152	187200	1483710000	4.525	23	20	4137000	7800	250	230	22864340000	4178200	100.9958
SGH	HNX	201208	41152	12600	1016820000	0.7134	23	1	1766300	80700	250	44	1603520000	21300	1.2059
SHB	HNX	201208	41152	46617800	3.63701E+11	9.6802	23	23	481579547	7000	250	250	3.76057E+12	412281600	85.6103
SHC	HNX	201208	41152	16200	41470000	0.4367	23	14	3709550	2400	250	209	4940060000	1323200	35.6702
SHN	HNX	201208	41152	9711900	16789360000	29.9257	23	23	32453360	1500	250	250	1.42701E+12	253800500	782.047
SHS	HNX	201208	41152	36412600	2.33445E+11	36.4126	23	23	100000000	5800	250	250	1.85713E+12	292908100	292.9081
SIC	HNX	201208	41152	170000	1012010000	2.125	23	22	8000000	5400	250	231	28582140000	3607100	45.089
SJ1	HNX	201208	41152	15800	364070000	0.4104	23	8	3850000	22200	250	127	17504260000	745500	19.8925
SJC	HNX	201208	41152	119900	897160000	2.683	23	21	4468905	6900	250	225	15191780000	1568000	35.087
SJE	HNX	201208	41152	90200	749850000	1.1279	23	20	7996897	7600	250	242	44098870000	4677600	58.4926
SJM	HNX	201208	41152	456000	1200930000	9.12	23	21	5000000	2600	250	244	19340590000	5299100	105.982
SKS	HNX	201208	41152	13800	117320000	0.3067	23	8	4500000	8800	250	212	10833310000	1270800	28.2401
SME	HNX	201208	41152	817100	405840000	3.6316	23	5	22500000	500	250	105	64778160000	23464300	104.2857
SMT	HNX	201208	41152	64500	280450000	2.2001	23	19	2931724	4300	250	198	3612940000	876400	31.978
SNG	HNX	201208	41152	45200	699210000	0.9693	23	22	4663060	15400	250	237	29522570000	2024700	44.1068
SPP	HNX	201208	41152	43000	336670000	0.344	23	23	12499990	6500	250	126	13882860000	819800	6.5584
SQC	HNX	201208	41152	2200	163000000	0.002	23	22	110000000	80000	250	239	2489280000	29700	0.0283
SRA	HNX	201208	41152	52700	233180000	2.635	23	20	2000000	4200	250	213	15446230000	2442600	122.13
SRB	HNX	201208	41152	586500	1936440000	6.9	23	23	8500000	2900	250	250	1.29177E+11	26612400	313.0871
SSG	HNX	201208	41152	300	1140000	0.006	23	3	5000000	3600	250	30	262480000	46400	0.928
SSM	HNX	201208	41152	71400	425480000	1.2979	23	18	5501024	6400	250	240	37275950000	4687200	85.206
STC	HNX	201208	41152	53700	469040000	0.9478	23	12	5665530	8500	250	214	9760590000	1216700	21.4753
STL	HNX	201208	41152	820200	5050830000	5.468	23	23	15000000	5300	250	250	3.04683E+11	28962800	193.0853
STP	HNX	201208	41152	1038400	10196210000	14.8343	23	23	7000000	9200	250	249	3.28241E+11	25356000	362.2286
SVN	HNX	201208	41152	4500	188100000	0.15	23	3	3000000	41800	250	130	67426420000	2624400	87.4801
SVS	HNX	201208	41152	330500	1131680000	2.4481	23	16	13500000	3500	250	237	35736870000	8959700	66.3681
TAG	HNX	201208	41152	26300	693660000	0.3238	23	12	8121506	27000	250	183	13834570000	527500	6.4951
TAS	HNX	201208	41152	59500	288590000	0.4281	23	15	13900000	3400	250	237	52586470000	11691500	84.1114
TBX	HNX	201208	41152	9000	110220000	0.5959	23	4	1510280	12300	250	126	4459060000	328700	21.7642
TC6	HNX	201208	41152	510600	5943570000	3.9281	23	23	12998694	11000	249	246	1.41558E+11	9484500	73.6428
TCS	HNX	201208	41152	635500	7312730000	4.2369	23	23	14999229	11200	250	227	85944640000	6588300	44.7907
TCT	HNX	201208	41152	47300	3400790000	1.4795	23	21	3197000	73300	250	234	44478050000	765500	23.9443
TDN	HNX	201208	41152	726000	7719710000	4.5375	23	20	16000000	10700	250	245	1.36853E+11	10754600	70.6039
TET	HNX	201208	41152	29400	444270000	0.5155	23	9	5702940	15600	250	102	10444470000	478500	8.3905
TH1	HNX	201208	41152	219600	5609670000	1.7436	23	20	12594857	27000	250	230	1.31441E+11	5971600	47.413
THB	HNX	201208	41152	112800	1312370000	0.9873	23	18	11424570	10900	250	210	28352940000	2394000	20.9549
THT	HNX	201208	41152	1073700	10879430000	7.8661	23	23	13649738	9500	250	249	2.07149E+11	12064900	126.7098
THV	HNX	201208	41152	10898600	19124470000	18.872	23	23	57749995	1500	250	250	7.19721E+11	185083700	335.1343
TIG	HNX	201208	41152	266100	791590000	1.6127	23	22	16500000	2700	250	248	1.01411E+11	20970700	128.5608
TJC	HNX	201208	41152	17700	51090000	0.295	23	11	6000000	2700	250	181	3769990000	945300	15.7549
TKC	HNX	201208	41152	39600	188930000	0.3805	23	20	10406716	4900	250	220	15929350000	2586100	25.6476
TKU	HNX	201208	41152	5600	30170000	0.1484	23	6	3774078	5200	250	126	1596500000	251200	6.656
TLC	HNX	201208	41152	158400	344520000	1.5872	23	20	9980000	2300	250	246	32986100000	10425800	104.4669
TLT	HNX	201208	41152	104100	251040000	1.4893	23	20	6989800	2200	250	208	14952440000	3194200	45.6981
TMC	HNX	201208	41152	25100	254990000	0.2024	23	19	12400000	10100	250	164	5443490000	506100	5.9809
TMX	HNX	201208	41152	2700	18660000	0.045	23	6	6000000	6000	250	135	2786150000	336800	5.6133
TNG	HNX	201208	41152	625100	4918130000	4.6437	23	23	13461325	7500	250	249	3.32643E+11	32485900	241.3277
TPH	HNX	201208	41152	600	3140000	0.0298	23	2	2015985	5200	250	91	968010000	192900	9.5686
TPP	HNX	201208	41152	1128200	10841520000	28.2361	23	23	3995600	10300	250	233	23910320000	2949700	73.8236
TSB	HNX	201208	41152	5900	38080000	0.0875	23	6	6745480	6200	250	100	786210000	97300	2.2475
TSM	HNX	201208	41152	0	0	0	23	0	2936140	9300	250	48	609240000	86900	2.9597
TST	HNX	201208	41152	422100	2003120000	8.7938	23	23	4800000	4300	250	238	34703820000	5076200	105.7543
TTC	HNX	201208	41152	200400	834860000	3.3443	23	23	5992348	3800	250	244	10634810000	3049200	50.8848
TV2	HNX	201208	41152	35000	393180000	0.7885	23	12	4439000	11200	250	185	8456870000	732700	16.5061
TV3	HNX	201208	41152	1800	19450000	0.0532	23	4	3381000	11200	250	73	727220000	55500	1.6415
TV4	HNX	201208	41152	45600	345560000	0.8254	23	18	6105942	7400	250	240	21953240000	2542500	49.796
TVD	HNX	201208	41152	182900	1493110000	0.7317	23	23	24997256	7900	250	204	64441930000	5204200	33.2643
TXM	HNX	201208	41152	157900	553820000	2.2557	23	22	7000000	2900	250	236	13350890000	3186000	45.5144
UNI	HNX	201208	41152	1609800	15895590000	16.973	23	23	9484468	8200	250	249	1.70699E+11	21699100	228.7857
V11	HNX	201208	41137	478500	491430000	5.6965	12	12	8399889	1100	239	237	14576040000	5245700	62.4498
V12	HNX	201208	41152	100700	609190000	1.7308	23	21	5818000	5600	250	235	17238950000	2421000	41.6124
V15	HNX	201208	41152	272900	1029000000	2.729	23	23	10000000	3300	250	249	1.08708E+11	20305300	203.053
V21	HNX	201208	41152	10500	92320000	0.6176	23	18	1700000	8100	250	105	1511300000	112900	6.6412
VAT	HNX	201208	41152	6500	34500000	0.5417	23	11	1200000	6400	250	171	3288070000	723800	60.3165
VBC	HNX	201208	41152	400	7080000	0.0133	23	4	2999989	19000	250	118	3091070000	214500	7.15
VBH	HNX	201208	41152	8600	127280000	0.2966	23	23	2900000	15200	250	250	992210000	60100	2.0725
VC1	HNX	201208	41152	63700	941840000	0.8608	23	15	7400000	14900	250	208	24146540000	1545100	20.8797
VC2	HNX	201208	41152	21700	210380000	0.1808	23	16	12000000	10100	250	176	5268280000	372600	4.3393
VC3	HNX	201208	41152	1400	19860000	0.0175	23	3	8000000	13900	250	107	1356370000	63100	0.7889
VC5	HNX	201208	41152	42300	285580000	0.846	23	18	5000000	6800	250	238	16593420000	2138600	42.772
VC6	HNX	201208	41152	17300	113170000	0.2163	23	12	8000000	7200	249	201	7374530000	882100	11.5584
VC7	HNX	201208	41152	25500	163220000	0.3188	23	22	8000000	6700	250	246	13015570000	1618000	20.2252
VC9	HNX	201208	41152	89700	620400000	0.7475	23	22	12000000	6400	250	240	15315090000	2001500	16.6792
VCC	HNX	201208	41152	88000	711940000	1.4667	23	19	6000000	8500	250	231	21385610000	2182600	36.3767
VCG	HNX	201208	41152	15744600	1.54754E+11	3.5645	23	23	441710673	8400	250	250	4.49717E+12	370148600	111.6939
VCH	HNX	201208	41152	53900	107830000	1.3577	23	12	3970000	2000	250	206	4336380000	1460200	36.7808
VCM	HNX	201208	41152	5300	64370000	0.1767	23	8	3000000	11300	250	177	5947950000	524800	17.4934
VCR	HNX	201208	41152	143200	524400000	0.3978	23	20	36000000	3100	250	239	52794310000	8312800	23.0912
VCS	HNX	201208	41152	356300	3845630000	0.6723	23	20	52999251	11500	250	221	1.27846E+11	9522200	18.5613
VCV	HNX	201208	41152	4400	10820000	0.04	23	10	11007183	2500	250	177	1499390000	587800	5.3402
VDL	HNX	201208	41152	5400	210900000	0.1726	23	9	3128840	39000	250	132	13045940000	345600	11.0458
VDS	HNX	201208	41152	33100	136000000	0.0946	23	16	34979987	4000	250	210	23970830000	4340400	12.4081
VE1	HNX	201208	41152	100700	376520000	3.3567	23	23	3000000	3200	250	241	22279050000	5080500	169.35
VE2	HNX	201208	41152	2700	23590000	0.1251	23	3	2158880	8700	250	135	1537070000	248200	11.9547
VE3	HNX	201208	41152	83600	461490000	6.3347	23	21	1319710	5300	250	211	7701810000	1192100	90.3304
VE8	HNX	201208	41152	5200	41280000	0.2889	5	4	1800000	7900	5	4	41280000	5200	0.2889
VE9	HNX	201208	41152	177900	1209880000	2.4708	23	23	7200088	6000	250	249	1.33553E+11	13339600	185.2699
VFR	HNX	201208	41152	402000	3080540000	2.68	23	23	15000000	7100	250	249	2.55465E+11	24575800	163.8386
VGP	HNX	201208	41152	32500	397830000	0.3956	23	8	8214692	12400	250	194	8368650000	629100	7.6581
VGS	HNX	201208	41152	5464600	28529880000	14.5336	23	23	37599710	4800	250	250	8.02073E+11	127801400	339.8999
VHH	HNX	201208	41152	753900	3027450000	12.565	23	23	6000000	3600	250	202	12534060000	3369600	56.16
VHL	HNX	201208	41152	16200	269600000	0.18	23	15	9000000	18900	250	189	26443520000	1169100	12.9899
VIE	HNX	201208	41152	300	1140000	0.0192	23	1	1561244	3800	250	65	1387560000	175200	11.2218
VIG	HNX	201208	41152	5504900	14408670000	16.1277	23	23	34133300	2100	250	250	3.37474E+11	95114200	278.6553
VIT	HNX	201208	41152	8200	33620000	0.0828	23	18	9900000	4300	250	156	2721740000	488500	4.9342
VIX	HNX	201208	41152	221700	2653350000	0.739	23	23	30000000	11700	250	232	27064930000	2458700	8.1957
VKC	HNX	201208	41152	4032100	22474220000	31.0162	23	23	13000000	5200	250	249	3.16698E+11	59350200	456.54
VLA	HNX	201208	41152	57300	572450000	5.3056	23	15	1080000	10700	250	203	11471560000	1349800	124.9816
VMC	HNX	201208	41152	7100	99700000	0.1092	23	11	6500000	12200	250	99	2872370000	158000	2.4307
VNC	HNX	201208	41152	52800	722690000	0.6705	23	18	7875000	13000	250	202	19716140000	1385800	17.5975
VND	HNX	201208	41152	89890700	9.4785E+11	89.8916	23	23	99999000	9900	250	250	1.03296E+13	960128700	960.1381
VNF	HNX	201208	41152	4900	143090000	0.0875	23	7	5600000	27900	250	216	1.80175E+11	6789100	121.234
VNR	HNX	201208	41152	319900	4236530000	0.3173	23	16	100827658	13000	250	225	51810700000	4204700	4.277
VNT	HNX	201208	41152	59900	874300000	1.0947	23	16	5472000	14800	250	134	3932970000	288900	5.2795
VPC	HNX	201208	41152	607000	2060730000	10.7911	23	23	5625000	3000	248	234	7770130000	2388700	42.4657
VTC	HNX	201208	41152	122000	378270000	2.6904	23	18	4534696	2900	250	193	3047060000	938500	20.696
VTL	HNX	201208	41152	100	3150000	0.0056	23	1	1800000	31500	250	15	596880000	17200	0.9556
VTS	HNX	201208	41152	11800	171330000	0.5899	23	9	2000205	14000	249	182	7065360000	381100	19.7075
VTV	HNX	201208	41152	195700	1487700000	1.2545	23	20	15600000	7500	250	239	37384220000	4182700	26.8122
VXB	HNX	201208	41152	8800	68870000	0.2173	23	9	4049006	6700	250	118	1490980000	170400	4.2084
WCS	HNX	201208	41152	40300	1361450000	1.612	23	18	2500000	38600	250	232	38813290000	1358700	54.348
WSS	HNX	201208	41152	7572400	43219050000	15.0545	23	23	50300000	5400	250	249	1.48948E+12	265791100	528.4116
XMC	HNX	201208	41152	195300	1255110000	0.9766	23	23	19998240	6000	250	220	18578970000	2014900	10.0754
YBC	HNX	201208	41152	8800	93300000	0.1819	23	7	4837430	9000	250	135	18210690000	956800	19.779
AAM	HSX	201208	41152	1576070	3307893000	13.8985	23	21	11339864	26000	250	238	32416510000	19396840	171.05
ABT	HSX	201208	41152	2187140	3020497000	16.0734	23	23	13607207	38000	250	239	37171198000	21602470	158.7576
ACC	HSX	201208	41152	2510900	5426486000	25.109	23	23	10000000	23900	250	240	47458908000	19231770	192.3177
ACL	HSX	201208	41152	1020070	4324978000	5.544	23	23	18399675	15600	249	249	64485870000	13868160	81.76
AGD	HSX	201208	41152	6208570	1098640000	51.7384	23	19	11999930	42100	250	240	55069206000	19789520	164.9138
AGF	HSX	201208	41152	3746360	2683035000	29.1335	23	19	12859288	26800	250	240	39581675000	19791650	153.9094
AGR	HSX	201208	41152	1609130	8291131000	0.759	23	23	212000000	6000	250	250	59537054000	26969840	12.7216
ALP	HSX	201208	41152	1239130	3046174000	1.4526	23	21	192484413	7200	249	243	19238729000	20111770	31.0175
ANV	HSX	201208	41152	310140	2402205000	0.4699	23	23	66000000	7700	250	250	58012048000	27066286	41.0095
APC	HSX	201208	41152	720950	5049922000	6.2976	23	23	11448000	11500	250	250	72626703000	11078560	96.7729
ASM	HSX	201208	41152	8741354	145929000	21.9985	23	23	39736202	9900	250	250	9413592000	59091243	148.7088
ASP	HSX	201208	41152	1182370	5873558000	5.179	23	23	22829996	4200	250	250	54111521000	23974590	105.0136
ATA	HSX	201208	41152	779210	1731953000	6.4934	23	23	11999998	5300	250	241	34918278000	20608800	183.6202
AVF	HSX	201208	41152	6146519	3374612000	27.3179	23	23	22500000	7600	250	237	34874606000	34481757	153.2523
BBC	HSX	201208	41152	1101590	5659583000	7.1435	23	23	15420782	15600	250	250	71696890000	25925010	168.1174
BCE	HSX	201208	41152	628110	5298324000	2.0937	23	23	30000000	8000	250	242	45850462000	13348150	44.4938
BCI	HSX	201208	41152	2162240	1372488000	2.992	23	22	72267000	17500	250	244	48902204000	22316210	30.8803
BGM	HSX	201208	41152	7118200	4253583000	42.3702	23	23	16800000	4500	250	250	30632536000	85993493	511.8661
BHS	HSX	201208	41152	1353400	6236861000	4.5117	23	23	29997580	16800	250	248	46475883000	27125490	108.7165
BIC	HSX	201208	41152	1871560	8198856000	2.8357	23	23	66000000	6800	248	248	64317789000	27331495	41.4113
BMC	HSX	201208	41152	4736660	253973000	38.2216	23	23	12392630	51000	250	250	42190843000	23432790	240.2823
BMI	HSX	201208	41152	1068420	6278919000	1.4151	23	23	75500000	8200	250	250	57346245000	19488180	25.8122
BMP	HSX	201208	41152	864990	3981294000	2.4726	23	23	34983552	44500	250	243	56152222000	13024490	37.5395
BRC	HSX	201208	41152	1104900	8480149000	13.3927	23	23	8249998	13200	178	177	39388904000	8963970	108.6541
BSI	HSX	201208	41152	923920	2773476000	1.0681	23	23	86500000	5400	250	249	90567553000	20836910	24.0888
BT6	HSX	201208	41152	2546130	939948000	7.7171	23	23	32993550	6600	250	247	30886338000	12851360	38.9513
BTP	HSX	201208	41152	2569957	6105312000	4.2489	23	23	60485600	6600	250	250	52083456000	21134367	34.9412
BTT	HSX	201208	41152	2770510	3129192000	31.4831	23	23	8800000	22000	250	234	30852278000	20124020	228.6821
BVH	HSX	201208	41152	9147010	342035000	1.3442	23	23	680471434	30500	250	250	3430541000	44338538	6.5156
C21	HSX	201208	41152	2273400	5426851000	11.7571	23	23	19336371	17800	250	247	42555841000	22790190	117.8618
C47	HSX	201208	41152	1247620	2627524000	15.5953	23	22	8000000	11300	250	232	29041108000	18605230	232.5656
CCI	HSX	201208	41152	808550	2670007000	8.9839	23	21	9000000	8900	250	228	28501012000	15387380	170.9708
CCL	HSX	201208	41152	1447400	3989815000	5.7896	23	23	25000000	4200	250	239	48175560000	30025890	120.1037
CDC	HSX	201208	41152	1342280	7272503000	8.9732	23	23	14958733	6200	250	249	58736124000	20621540	139.434
CIG	HSX	201208	41152	2900920	2675736000	21.5843	23	22	13439947	3700	250	233	26877515000	19362560	151.0996
CII	HSX	201208	41152	3992450	893818000	5.3175	23	23	75081000	23500	250	250	25439951000	42009617	55.9524
CLC	HSX	201208	41152	1450850	1693890000	11.072	23	21	13103830	15000	250	232	23268750000	22809520	174.0677
CLG	HSX	201208	41152	2758990	7810705000	27.5899	23	23	10000000	6000	250	250	33580270000	35582900	355.829
CLW	HSX	201208	41152	914290	1277347000	7.033	23	15	13000000	10400	250	219	24210969000	19196280	147.6638
CMG	HSX	201208	41152	1240800	1347545000	1.8425	23	23	67341953	4500	250	250	31995996000	10596770	15.8996
CMT	HSX	201208	41152	1179240	2689752000	14.7405	23	18	8000000	5500	250	239	30829114000	11362370	142.0297
CMV	HSX	201208	41152	678180	2142940000	6.0511	23	22	11207595	16000	250	216	17684073000	29427960	286.2203
CMX	HSX	201208	41152	1051400	2403565000	7.9524	23	21	13221234	4300	250	204	19718414000	18093760	140.9301
CNG	HSX	201208	41152	1755960	6959379000	8.2333	23	23	21327638	26500	192	192	46057628000	15517670	74.0988
CNT	HSX	201208	41152	4160000	4639057000	41.5374	23	23	10015069	8500	250	241	27149160000	18763650	187.3541
COM	HSX	201208	41152	1325440	5009021000	9.3866	23	21	14120628	29000	250	182	34414820000	24066380	170.4343
CSG	HSX	201208	41152	1972640	8011726000	6.6325	23	23	29742020	10600	250	250	54462953000	21941790	73.7737
CSM	HSX	201208	41152	8407351	358879000	16.0907	23	23	52249837	26500	249	249	37284949000	71079809	161.6898
CTD	HSX	201208	41152	1676600	4071131000	3.973	23	22	42200000	31000	250	245	62375973000	14412020	41.2334
CTG	HSX	201208	41152	7925140	1084993000	1.535	23	23	516311593	19100	249	249	4640926000	91676121	22.5493
CTI	HSX	201208	41152	1555510	1154272000	10.3701	23	23	15000000	9800	250	249	60968645000	14278320	95.1888
CYC	HSX	201208	41152	754220	366508000	37.8904	23	14	1990530	2400	250	182	17892388000	17875010	898.0025
D2D	HSX	201208	41152	1941690	2493225000	18.1466	23	19	10700000	20000	250	242	29172397000	29699640	277.5667
DAG	HSX	201208	41152	1419800	2647667000	11.3584	23	15	12500000	12500	250	235	51254464000	13145560	105.1644
DCL	HSX	201208	41152	427790	2235771000	4.3151	23	23	9913692	10100	250	174	36013908000	7832330	79.0051
DCT	HSX	201208	41152	720600	3114447000	2.647	23	23	27223647	3800	250	250	51710286000	27954121	102.6832
DDM	HSX	201208	41152	3419240	2390179000	27.9247	23	22	12244495	2400	250	236	23068441000	25625750	209.2837
DHA	HSX	201208	41152	523970	5151746000	3.4654	23	23	15119946	9600	250	250	75531936000	12237070	80.9332
DHC	HSX	201208	41152	1495920	4342296000	9.9729	23	17	14999908	6100	250	220	37500899000	11667180	77.7817
DHG	HSX	201208	41152	524740	4151493000	0.8026	23	22	65376429	74000	249	248	63276737000	11476010	17.5951
DHM	HSX	201208	41152	9162620	655813000	57.2664	23	23	16000000	17400	29	29	724419000	12479270	77.9955
DIC	HSX	201208	41152	1712580	10956977000	10.6689	23	23	16446069	7200	250	250	58485753000	43912542	292.002
DIG	HSX	201208	41152	1637920	5803062000	1.26	23	23	129997818	14000	250	250	32162354000	52449410	43.425
DLG	HSX	201208	41152	4062771	5652535000	11.5385	23	23	35210708	4800	250	250	55883687000	25660811	73.4986
DMC	HSX	201208	41152	2079810	2601413000	11.6782	23	20	17809336	25200	250	245	47752879000	11380480	63.9017
DPM	HSX	201208	41152	9623543	648841000	2.5325	23	23	380000000	40000	250	250	5440430000	89977556	23.6783
DPR	HSX	201208	41152	2155840	3024863000	5.0136	23	21	43000000	49500	250	239	53956505000	21583840	50.1949
DQC	HSX	201208	41152	2059600	5336538000	8.4325	23	23	24424679	16700	250	250	43843538000	38261570	156.6512
DRC	HSX	201208	41152	7796315	296157000	11.2616	23	23	69228945	26000	250	250	21491981000	64454269	123.1722
DRH	HSX	201208	41152	1047390	3453290000	5.6924	23	23	18399702	3000	250	250	64257794000	23607200	128.3023
DRL	HSX	201208	41152	393020	1021681000	4.1371	23	16	9500000	23900	99	85	6360245000	10704770	112.6818
DSN	HSX	201208	41152	432050	2895516000	5.113	23	20	8450000	36400	250	233	37529024000	18156720	214.8722
DTA	HSX	201208	41152	351990	1631988000	3.5199	23	23	10000000	4500	250	250	21128477000	8952900	89.529
DTL	HSX	201208	41152	507040	2966948000	1.0113	23	22	50136090	13000	250	235	49724427000	8041700	16.2566
DTT	HSX	201208	41152	1313280	3880446000	16.1103	23	14	8151820	5900	250	192	16674243000	16789780	205.9637
DVP	HSX	201208	41152	1550410	3566442000	7.7521	23	21	20000000	38500	250	224	43174924000	19192910	95.9648
DXG	HSX	201208	41152	3541590	3340664000	11.0675	23	23	32000000	9400	250	249	61999286000	26780260	101.433
DXV	HSX	201208	41152	584950	3393199000	5.9086	23	23	9900000	5700	250	250	41218750000	11348960	114.636
EIB	HSX	201208	41152	4173170	1666062000	0.3378	23	23	1235522904	16100	250	250	9628462000	70663381	6.2009
ELC	HSX	201208	41152	759630	4749914000	2.0741	23	22	36624909	24400	250	244	48924852000	13336010	42.3418
EVE	HSX	201208	41152	2195970	2419642000	9.3837	23	19	23401986	19500	250	239	49978458000	17001460	72.9333
FBT	HSX	201208	41152	463610	1506044000	3.0907	23	13	15000000	9800	250	216	14603976000	16105410	107.3693
FCN	HSX	201208	41152	4307750	2169725000	31.2039	23	23	13805162	18000	29	29	2388961000	5350420	38.7567
FDC	HSX	201208	41152	1466630	2945999000	7.2507	23	20	20227308	20700	250	201	29503352000	18188750	89.9218
FDG	HSX	201208	41152	400000	1429095000	3.0303	23	7	13200000	11900	250	166	20841097000	12442970	94.265
FMC	HSX	201208	41152	1165510	4736425000	14.5689	23	23	8000000	10000	250	250	50979221000	15475385	193.4425
FPT	HSX	201208	41152	6293730	271187000	2.2993	23	23	273722992	40100	249	249	4904941000	46648802	21.1674
GAS	HSX	201208	41152	5565052	469255000	0.2937	23	23	1895000000	40800	73	73	1730865000	14233406	0.7511
GDT	HSX	201208	41152	1797640	2625587000	17.3311	23	21	10372365	13800	250	208	30295647000	18630920	179.6208
GIL	HSX	201208	41152	3925090	1912332000	29.4575	23	18	13324588	40200	250	234	49350076000	20741730	158.3916
GMC	HSX	201208	41152	1188330	2726580000	13.3993	23	21	8868571	20000	250	237	24093183000	24950860	281.3403
GMD	HSX	201208	41152	1339240	5798780000	1.2286	23	23	109007090	20300	250	250	36476943000	35365120	34.8369
GSP	HSX	201208	41152	683440	4527363000	2.2781	23	23	30000000	6000	122	122	33226449000	9659400	32.198
GTA	HSX	201208	41152	399630	768468000	3.8426	23	21	10400000	7900	250	220	15307461000	21457200	206.3193
GTT	HSX	201208	41152	730100	3252835000	1.6783	23	23	43503000	6000	250	250	54229500000	57096200	131.2466
HAG	HSX	201208	41152	7315877	270329000	1.3614	23	23	537371049	26700	250	250	5094192000	90055687	18.6213
HAI	HSX	201208	41152	977390	723419000	5.6172	23	16	17399991	19200	250	225	31287264000	16126860	92.6832
HAP	HSX	201208	41152	3535960	10565449000	12.5946	23	23	28075261	5000	250	250	61279969000	51334615	209.8061
HAS	HSX	201208	41152	1992640	1072357000	24.908	23	23	8000000	5100	250	239	15860624000	17385400	217.3177
HAX	HSX	201208	41152	3532590	1763565000	31.7788	23	22	11116169	4300	250	224	27184737000	20366840	196.9787
HBC	HSX	201208	41152	4943070	76839000	11.9669	23	23	41306134	14000	250	249	51568102000	35000660	152.5121
HCM	HSX	201208	41152	3331731	2500030000	3.3037	23	23	100848637	19300	250	250	26284779000	53695777	58.1715
HDC	HSX	201208	41152	1313290	3104165000	4.7913	23	23	27409741	15700	249	241	40057607000	17534470	72.0344
HDG	HSX	201208	41152	1092510	5711605000	2.6976	23	23	40499948	11800	250	250	52571474000	33089920	81.7037
HHS	HSX	201208	41152	3184780	4893232000	21.2319	23	19	15000000	33800	139	134	30285120000	10947920	96.5489
HLA	HSX	201208	41152	2441340	7683134000	7.0847	23	23	34459293	4100	250	250	49008482000	56458093	163.84
HLG	HSX	201208	41152	1520840	2085060000	3.4272	23	21	44375385	7900	250	247	50015020000	15773000	35.5446
HMC	HSX	201208	41152	348450	1700216000	1.6593	23	23	21000000	8400	250	250	36450844000	13946170	66.4104
HOT	HSX	201208	41152	632340	1308927000	7.9043	23	10	8000000	21700	250	105	15655378000	8845750	110.572
HPG	HSX	201208	41152	3071600	4440631000	0.8796	23	23	349211108	21600	249	249	8417173000	81936887	24.7586
HQC	HSX	201208	41152	13456298	498518000	22.4272	23	23	60000000	4200	250	250	8380902000	87724077	192.4266
HRC	HSX	201208	41152	1528460	2387794000	8.855	23	16	17260976	37500	250	228	43060205000	19898650	115.2811
HSG	HSX	201208	41152	7751230	215269000	7.6904	23	23	100790790	17100	250	250	17284635000	91517005	90.7991
HSI	HSX	201208	41152	6562770	1167152000	65.6277	23	22	10000000	7600	250	243	29463889000	23618630	236.1863
HT1	HSX	201208	41152	1336340	6554231000	0.6749	23	23	198000000	4700	250	250	58054637000	42236460	21.3316
HTI	HSX	201208	41152	2900900	1461877000	11.6272	23	22	24949200	7600	250	240	23921142000	19255680	77.1797
HTL	HSX	201208	41152	160000	731000000	2	23	14	8000000	3700	250	112	17919930000	8006340	100.0793
HTV	HSX	201208	41152	1303100	4569151000	12.9276	23	23	10080000	12500	250	247	45728618000	13870350	137.6027
HU1	HSX	201208	41152	1542720	2862150000	15.4272	23	23	10000000	8100	224	202	34216645000	13931570	139.3157
HU3	HSX	201208	41152	3913970	1406393000	39.1399	23	22	9999944	9000	250	227	30878324000	23334600	233.3474
HVG	HSX	201208	41152	705720	5637596000	1.0693	23	23	65998073	29000	250	250	33403709000	23764893	36.0085
HVX	HSX	201208	41152	847800	1817571000	5.4697	23	17	15500000	4900	250	229	18836001000	21305620	137.4556
ICF	HSX	201208	41152	262020	1062796000	2.0459	23	23	12807000	3700	250	248	23222661000	11692910	91.3009
IDI	HSX	201208	41152	5316650	5865790000	13.9912	23	23	38000000	7900	250	250	38753415000	56122057	147.6896
IFS	HSX	201208	41152	1806340	1695701000	26.2727	23	21	6875359	10200	250	173	17533595000	17469410	254.0872
IJC	HSX	201208	41152	7368222	101631000	2.6872	23	23	274194525	9400	250	250	4426768000	74150272	27.0429
IMP	HSX	201208	41152	2960190	2529402000	19.4564	23	21	15214500	38000	250	229	57567395000	19516670	128.2769
ITA	HSX	201208	41152	1601350	258626000	0.3597	23	23	445155209	5700	250	250	3592943000	50252619	14.327
ITC	HSX	201208	41152	6321363	3096854000	9.1499	23	23	69086688	7900	250	250	25984506000	73991117	107.099
ITD	HSX	201208	41152	729790	5250424000	5.7143	23	23	12771195	6000	215	171	29605807000	8562830	71.4994
JVC	HSX	201208	41152	1344560	5956650000	3.8195	23	23	35419999	18300	250	250	32855414000	46573473	175.5333
KAC	HSX	201208	41152	1270550	1483185000	6.3528	23	19	20000000	12600	250	211	30637070000	9727260	48.6367
KBC	HSX	201208	41152	11033452	996718000	3.7312	23	23	295711167	8000	250	250	31514424000	75827735	25.6425
KDC	HSX	201208	41152	2025040	75012000	1.5167	23	23	133517881	32000	250	250	1129617000	32112780	25.5708
KDH	HSX	201208	41152	1828040	9253608000	4.1641	23	23	43900000	12200	250	250	28998288000	34170145	77.8362
KHA	HSX	201208	41152	1119670	3083016000	7.9295	23	23	14120309	9600	250	250	58126496000	13694190	96.9823
KHP	HSX	201208	41152	834500	6674814000	2.0084	23	23	41551296	8000	250	250	66974758000	12515760	30.1212
KMR	HSX	201208	41152	4877650	10081250000	18.1985	23	23	26849854	3300	250	250	65536054000	55602683	218.4547
KSA	HSX	201208	41152	7802859	116943000	50.5283	23	23	15442559	11600	250	250	28105805000	69708209	454.7021
KSB	HSX	201208	41152	1565200	6495386000	8.6956	23	23	18000000	17700	249	206	39396046000	23103340	189.902
KSH	HSX	201208	41152	1315690	3387373000	11.2548	23	23	11690000	7500	250	244	54802655000	26402510	225.8557
KSS	HSX	201208	41152	9239791	113645000	38.1967	23	23	24190000	7500	250	250	7183648000	82118603	339.4734
KTB	HSX	201208	41152	9008031	186002000	33.6121	23	23	26800000	7600	250	250	13754797000	69428824	259.0629
L10	HSX	201208	41152	3711700	1100414000	41.2411	23	23	9000000	8500	250	247	27775737000	22485640	249.8403
LAF	HSX	201208	41152	260630	2000552000	1.7696	23	23	14728019	7400	250	250	60584763000	19015570	129.1113
LBM	HSX	201208	41152	776440	4125298000	9.1346	23	23	8500000	9200	250	250	51508808000	10276570	120.9009
LCG	HSX	201208	41152	9863526	125341000	17.5352	23	23	56249956	8400	250	250	3814018000	81620884	145.1038
LCM	HSX	201208	41152	4835880	1940542000	56.4412	23	23	8568000	18100	240	240	13845321000	57407070	670.0172
LGC	HSX	201208	41152	3523920	3908423000	42.5411	23	23	8283561	20900	250	213	34122503000	18644253	225.0754
LGL	HSX	201208	41152	3300300	1764946000	16.5021	23	23	19999275	4000	250	244	32974174000	15801880	79.0123
LHG	HSX	201208	41152	1030000	2137337000	3.949	23	10	26082627	15800	249	179	29598191000	18555330	89.8937
LIX	HSX	201208	41152	2912310	1229753000	26.9658	23	18	10800000	27500	250	218	37175967000	20516450	220.526
LM8	HSX	201208	41152	2191570	2509010000	27.2245	23	23	8050000	10000	250	244	23113317000	34558740	429.3013
LSS	HSX	201208	41152	631020	10128540000	1.262	23	23	50000000	18300	250	250	60027052000	19979640	40.4499
MBB	HSX	201208	41152	6519386	806968000	0.6519	23	23	1000000000	13700	208	208	6805367000	49681072	5.8983
MCG	HSX	201208	41152	3058560	10172775000	5.3183	23	23	57510000	4700	250	250	58552669000	48418807	84.192
MCP	HSX	201208	41152	2147530	2624606000	20.7701	23	21	10339520	12800	250	241	27885934000	16177440	158.3215
MDG	HSX	201208	41152	343540	1416967000	3.1549	23	23	10889031	4000	250	248	42264028000	11646080	106.9524
MHC	HSX	201208	41152	995820	2928065000	7.3462	23	23	13555514	2600	250	249	16080130000	12357410	91.1616
MPC	HSX	201208	41152	1607240	3140604000	2.2961	23	23	70000000	28000	250	246	53913661000	17149960	24.5
MSN	HSX	201208	41152	1305720	2522414000	0.2089	23	23	687280123	96000	250	250	7337148000	25879440	4.9781
MTG	HSX	201208	41152	1272080	4521042000	10.6007	23	23	11999995	3600	250	250	45827245000	16869533	140.5796
NAV	HSX	201208	41152	693650	1159182000	8.6706	23	22	8000000	7000	250	222	18237759000	18406480	230.0813
NBB	HSX	201208	41152	1775160	1866831000	11.527	23	20	15400000	31900	250	203	38898618000	21574500	140.0942
NHS	HSX	201208	41152	1098300	5498970000	10.8474	23	23	10125000	26000	249	230	50223529000	15336330	182.7918
NHW	HSX	201208	41152	820760	408864000	3.5762	23	5	22950627	9500	250	67	8532838000	9804490	42.72
NKG	HSX	201208	41152	223980	2736545000	0.7491	23	23	29900000	11700	250	250	55999397000	13702260	46.5856
NNC	HSX	201208	41152	2695410	4108350000	30.7408	23	22	8768175	32900	250	229	32853739000	26380500	300.8665
NSC	HSX	201208	41152	2210490	2671164000	26.7738	23	23	8256161	42000	250	238	35270833000	26047590	317.9923
NTB	HSX	201208	41152	2516010	5374587000	6.3249	23	23	39779577	5000	250	250	54708191000	59973703	165.7716
NTL	HSX	201208	41152	4817750	884659000	7.5751	23	23	63600000	17000	250	250	14107846000	70816782	111.3473
NVN	HSX	201208	41152	2001520	1588838000	18.7816	23	23	10656800	4900	250	212	28100502000	12560250	117.8614
NVT	HSX	201208	41152	7960990	7552258000	13.1587	23	23	60500000	4000	250	250	59570043000	70466893	116.4742
OGC	HSX	201208	41152	7882078	299445000	2.6274	23	23	300000000	10600	250	250	5441686000	73073864	26.616
OPC	HSX	201208	41152	2861230	2499084000	22.6213	23	22	12856860	37000	250	233	48831415000	14614760	121.527
PAC	HSX	201208	41152	143620	2230124000	0.5322	23	22	26987843	15900	250	249	40149575000	18135790	67.1999
PAN	HSX	201208	41152	567720	5907328000	4.9153	23	23	11550000	17300	250	239	46590934000	11598810	100.4227
PDN	HSX	201208	41152	513230	2415688000	6.2346	23	14	8231998	24000	212	126	19422439000	8310590	99.6582
PDR	HSX	201208	41152	2453850	1964406000	1.8847	23	16	130200000	12500	250	228	40648827000	10891940	8.3655
PET	HSX	201208	41152	2874450	6622361000	4.1156	23	23	69842000	11400	250	250	25137711000	67727292	96.9721
PGC	HSX	201208	41152	9386100	1351554000	27.2482	23	23	34446699	11400	250	250	46509886000	38694980	112.3329
PGD	HSX	201208	41152	5813810	687240000	13.552	23	23	42900000	35200	250	247	48814685000	20061600	46.7636
PGI	HSX	201208	41152	616580	3783557000	0.8687	23	23	70974218	8000	250	246	45692348000	10733290	15.1227
PHR	HSX	201208	41152	1793970	4524166000	2.2066	23	23	81300000	26500	250	249	53863499000	24893720	30.6195
PHT	HSX	201208	41152	445930	2527763000	2.2297	23	23	19999993	5600	250	250	61335496000	13339590	66.6983
PIT	HSX	201208	41152	1317650	2183662000	10.5353	23	20	12831455	7100	250	242	27865918000	10989900	88.6855
PJT	HSX	201208	41152	1734200	2282544000	20.6452	23	23	8400000	7900	250	248	24448555000	17054380	203.0282
PNC	HSX	201208	41152	572060	2485282000	5.6871	23	23	10058906	4100	250	248	27087486000	12829050	127.5392
PNJ	HSX	201208	41152	713790	8034613000	1.1897	23	23	59999142	30000	250	249	27650072000	29787610	49.6468
POM	HSX	201208	41152	1435670	6245826000	0.7659	23	23	187449951	12900	250	248	45972426000	13691570	7.3041
PPC	HSX	201208	41152	2287290	7509724000	0.7011	23	23	326235000	9600	250	250	32366646000	74749449	22.9127
PPI	HSX	201208	41152	995850	2308571000	8.1515	23	23	12216733	5300	250	250	50226293000	13208810	108.1206
PTB	HSX	201208	41152	1757420	2190929000	14.6444	23	23	12000646	11800	250	230	43507435000	12994380	124.1508
PTC	HSX	201208	41152	3816180	6505558000	38.1618	23	23	10000000	6000	250	249	42505093000	61018993	610.1899
PTL	HSX	201208	41152	3372280	8477198000	3.3723	23	23	100000000	3600	250	250	55031707000	61035118	61.0352
PVD	HSX	201208	41152	4505200	402887000	2.1402	23	23	210508215	35200	250	250	14594718000	42636823	20.2541
PVF	HSX	201208	41152	9421261	217242000	1.5702	23	23	600000000	10500	250	250	3489161000	76727398	12.788
PVT	HSX	201208	41152	9741572	3938558000	4.1881	23	23	232600000	4500	250	250	37579763000	83902925	36.0717
PXI	HSX	201208	41152	966850	5505651000	3.2228	23	23	30000000	5400	250	250	65640791000	30081375	100.2711
PXL	HSX	201208	41152	6784283	5826471000	8.2013	23	23	82722212	3700	250	250	28423054000	79622412	96.2528
PXM	HSX	201208	41152	861710	3752127000	5.7447	23	23	15000000	3900	250	250	65579706000	27771490	185.1431
PXS	HSX	201208	41152	1632270	8776482000	4.3506	23	23	37518001	9300	250	250	66529917000	42822954	114.1397
PXT	HSX	201208	41152	440680	2332031000	2.2034	23	23	20000000	4900	250	250	55167838000	17430390	87.1522
QCG	HSX	201208	41152	2071940	6404285000	1.6431	23	23	127076862	8500	250	250	30837563000	50903468	41.8278
RAL	HSX	201208	41152	3806580	2371380000	33.1007	23	22	11500000	29000	250	235	52122617000	19671430	171.056
RDP	HSX	201208	41152	1620740	3634412000	14.0934	23	15	11500000	8900	250	204	20731223000	18049760	156.9543
REE	HSX	201208	41152	7190274	164012000	3.0384	23	23	236643385	15700	250	250	3679939000	80665182	34.0873
RIC	HSX	201208	41152	3430720	1459377000	17.8083	23	23	19362733	5800	250	230	17920134000	27198440	144.2353
SAM	HSX	201208	41152	4695509	281599000	3.5899	23	23	130798432	7400	250	250	12368106000	52156216	39.8752
SAV	HSX	201208	41152	421530	1685496000	4.2308	23	23	9963450	8200	250	215	39820243000	13990100	140.4144
SBA	HSX	201208	41152	862310	4380581000	1.7246	23	23	50000000	4900	249	249	42119653000	13905270	27.888
SBC	HSX	201208	41152	1580090	3333505000	19.7511	23	21	8000000	12800	250	232	24855546000	21570980	269.6373
SBS	HSX	201208	41152	5371865	2438919000	4.2412	23	23	126660000	3300	250	250	39384411000	35623004	28.1249
SBT	HSX	201208	41152	4534690	2345406000	3.1956	23	23	141905800	15100	250	250	31546959000	55627028	39.1999
SC5	HSX	201208	41152	2994890	907940000	21.9851	23	21	13622364	15800	250	242	37648224000	14597480	109.8828
SCD	HSX	201208	41152	1722970	1357030000	20.2702	23	22	8500000	9900	250	216	33651737000	19353050	227.6831
SEC	HSX	201208	41152	2541010	1004788000	14.598	23	15	17406580	20400	250	214	29625127000	26691070	153.4555
SFC	HSX	201208	41152	1410000	992542000	13.7288	23	6	10270378	23300	250	206	39096068000	24985240	243.2748
SFI	HSX	201208	41152	555570	4348992000	6.7017	23	23	8289981	16000	250	250	65541813000	8555020	103.1971
SGT	HSX	201208	41152	187370	1134220000	0.2532	23	23	74001914	6300	250	246	21163373000	11915700	16.1018
SHI	HSX	201208	41152	1994650	1967506000	7.4676	23	22	26710723	5400	250	249	29156708000	14111450	53.9657
SJD	HSX	201208	41152	1074240	3034316000	2.9941	23	23	35879150	13200	250	247	38403860000	10179570	28.3719
SJS	HSX	201208	41152	1412400	5243666000	1.4124	23	23	100000000	25500	250	250	18650469000	53450806	53.4506
SMA	HSX	201208	41152	673850	3625895000	8.3604	23	23	8060000	5000	250	250	49931887000	17281850	214.4149
SMC	HSX	201208	41152	261990	3636504000	0.8875	23	23	29518361	13700	250	250	64104339000	6676320	24.2355
SPM	HSX	201208	41152	2190360	2295415000	15.6454	23	12	14000000	29500	250	192	28506970000	24250910	173.2207
SRC	HSX	201208	41152	2765190	5174622000	17.0691	23	23	16200000	14500	250	250	52037899000	27947250	172.5139
SRF	HSX	201208	41152	2570500	3039399000	31.6095	23	21	8132046	25300	250	237	38250293000	19769890	245.9555
SSC	HSX	201208	41152	2765050	4531836000	18.4431	23	23	14992367	32500	250	231	50582265000	21786950	145.3205
SSI	HSX	201208	41152	5848180	647760000	1.6585	23	23	352611742	18800	250	250	7779969000	55215674	15.7078
ST8	HSX	201208	41152	1024060	2491421000	8.5639	23	19	11957902	10700	250	215	25592873000	27930820	233.5763
STB	HSX	201208	41152	6715944	290936000	0.6253	23	23	1073967664	20000	250	250	7938438000	55839403	5.4648
STG	HSX	201208	41152	1720000	2362717000	20.5942	23	14	8351857	16000	250	151	34798849000	10656050	127.5888
STT	HSX	201208	41152	4042220	4795723000	50.5278	23	19	8000000	4000	250	243	49564885000	18929920	236.6242
SVC	HSX	201208	41152	1222370	8682932000	4.8903	23	23	24995573	10100	250	250	61061830000	14143550	56.5841
SVI	HSX	201208	41152	620480	2728246000	6.9568	23	22	8918990	22800	241	208	24471465000	9695420	110.1835
SVT	HSX	201208	41152	280000	597420000	3.2184	23	9	8700000	7900	227	180	21531316000	22748510	261.4773
SZL	HSX	201208	41152	1427040	3031066000	7.1352	23	23	20000000	12000	250	245	56182669000	13788910	68.9449
TAC	HSX	201208	41152	907130	7421346000	4.7793	23	23	18980200	38600	250	249	40093049000	23292050	122.7176
TBC	HSX	201208	41152	1655030	2195928000	2.6063	23	22	63500000	11800	250	238	27075657000	19296470	30.388
TCL	HSX	201208	41152	987590	2569508000	4.7154	23	22	20943893	14700	250	240	43955434000	11893500	59.6716
TCM	HSX	201208	41152	1553160	8500271000	3.4717	23	23	44737486	7200	250	250	60883810000	28415318	63.5156
TCO	HSX	201208	41152	136140	1275925000	1.0578	23	19	12870000	9500	137	112	12690992000	3750930	29.1448
TCR	HSX	201208	41152	2313980	1782416000	24.8409	23	23	9315212	4900	250	248	24174771000	15434840	165.9977
TDC	HSX	201208	41152	5186941	4354942000	5.1869	23	23	100000000	8500	250	250	14240420000	87669719	87.6697
TDH	HSX	201208	41152	2307270	5794360000	6.0918	23	23	37875000	12800	250	250	40601533000	45624556	120.4609
TDW	HSX	201208	41152	505080	1333246000	5.9421	23	10	8500000	13000	250	142	16759595000	13177280	155.0268
THG	HSX	201208	41152	686600	4924838000	8.5825	23	23	8000000	8500	250	235	44314549000	20797860	259.9734
TIC	HSX	201208	41152	899700	2937285000	3.6489	23	23	24656988	10000	250	242	26209024000	13251300	53.7426
TIE	HSX	201208	41152	1235550	2808471000	12.9108	23	23	9569900	9000	250	248	41155777000	10075940	105.288
TIX	HSX	201208	41152	1676210	2583981000	6.9842	23	17	24000000	19000	250	237	46582091000	15512160	64.634
TLG	HSX	201208	41152	2947870	2480665000	16.7018	23	22	17650000	19200	250	231	23917845000	29865570	169.2098
TLH	HSX	201208	41152	3865140	10878336000	6.6979	23	23	57706814	5400	250	250	64939886000	56727633	98.3032
TMP	HSX	201208	41152	3262240	690237000	4.6603	23	19	70000000	10000	250	190	18308517000	18639000	26.6273
TMS	HSX	201208	41152	647630	3353757000	2.8068	23	16	23073824	27000	250	200	36166275000	20634460	112.1459
TMT	HSX	201208	41152	2475490	3954044000	8.7011	23	21	28450236	4700	250	248	27541599000	15650860	55.0113
TNA	HSX	201208	41152	1890780	2742171000	23.6348	23	19	8000000	16500	250	217	21271610000	41266210	515.8277
TNC	HSX	201208	41152	3083790	3021913000	16.0197	23	23	19250000	16400	250	250	57317328000	29026300	150.7859
TNT	HSX	201208	41152	4263760	8334459000	50.1619	23	23	8500000	3400	250	250	62248814000	57059081	671.2834
TPC	HSX	201208	41152	1363810	5418019000	5.5824	23	23	24430596	9900	250	250	51522155000	22229150	90.9891
TRA	HSX	201208	41152	781970	4442047000	6.337	23	21	12339824	78000	250	231	54951331000	17623860	142.821
TRC	HSX	201208	41152	2070470	3688046000	6.9016	23	23	30000000	39600	250	250	36636702000	17567610	58.5587
TS4	HSX	201208	41152	747200	5165769000	6.4974	23	23	11500000	8600	250	250	62778179000	23799130	206.9489
TSC	HSX	201208	41152	1708900	3615091000	20.5572	23	23	8312915	6600	250	250	65765783000	16362870	196.8366
TTF	HSX	201208	41152	6347750	4571756000	19.3459	23	23	32811853	5300	250	250	52319311000	35370120	108.9603
TTP	HSX	201208	41152	1850990	3580867000	12.3399	23	23	14999998	26200	250	244	51221105000	17352500	115.6832
TV1	HSX	201208	41152	1272060	2130992000	5.5282	23	23	23010536	7800	250	246	20129158000	26935810	136.665
TYA	HSX	201208	41152	569940	922304000	10.2167	23	23	5578493	3700	250	250	24699641000	9749140	174.763
UDC	HSX	201208	41152	3292430	4802028000	9.4069	23	23	35000000	4700	250	250	72002419000	47140695	134.6877
UIC	HSX	201208	41152	2479110	1593500000	30.9889	23	22	8000000	9400	250	245	31302089000	13722240	171.5282
VCB	HSX	201208	41152	6899233	243616000	0.2977	23	23	2317417076	24800	250	250	3709876000	90145458	24.92
VCF	HSX	201208	41152	5794800	3701087000	21.8021	23	22	26579135	131000	250	239	55073536000	17199750	64.7115
VES	HSX	201208	41152	505000	919400000	5.6064	23	17	9007500	1500	250	213	17265820000	12156480	134.9595
VFC	HSX	201208	41152	1399440	1781649000	4.116	23	16	34000000	8600	250	235	34844285000	17829820	59.805
VFG	HSX	201208	41152	590780	3530342000	4.5744	23	17	12972753	39000	250	219	44270658000	15932230	130.1537
VHC	HSX	201208	41152	1304460	2185270000	2.7665	23	14	47151273	32200	250	205	34929363000	23954040	50.8025
VHG	HSX	201208	41152	2919280	8078184000	11.6771	23	23	25000000	3100	250	250	52942192000	64848956	259.3956
VIC	HSX	201208	41152	3507640	265673000	0.5008	23	23	700462055	70500	250	250	3632271000	37677484	7.6174
VID	HSX	201208	41152	1951350	3769684000	7.6455	23	23	25522767	4300	250	249	50309150000	24657630	96.6106
VIP	HSX	201208	41152	6433060	4412990000	10.7562	23	23	59807785	6800	250	250	47640841000	61872276	103.4519
VIS	HSX	201208	41152	4500150	2718469000	9.1429	23	23	49220262	9900	250	250	14006887000	72035816	228.059
VLF	HSX	201208	41152	133620	1590769000	1.2848	23	11	10400000	11000	250	167	14181795000	21575240	207.4543
VMD	HSX	201208	41152	3694190	3369215000	43.7686	23	23	8440268	15500	250	248	14451498000	36995890	452.6085
VNA	HSX	201208	41152	1204510	1186996000	6.0226	23	23	20000000	3200	250	250	41099706000	19522031	97.6105
VNE	HSX	201208	41152	9450747	164509000	14.8314	23	23	63721061	6500	250	250	32516887000	67399731	105.7731
VNG	HSX	201208	41152	1282590	2919143000	9.8661	23	23	13000000	6500	250	205	24047382000	18398890	141.53
VNH	HSX	201208	41152	1922040	1971605000	23.9564	23	22	8023071	3500	250	232	31574321000	22296920	277.91
VNI	HSX	201208	41152	1375380	5649268000	13.0244	23	22	10559996	4800	250	234	23885440000	29851820	282.6878
VNL	HSX	201208	41152	209470	2677366000	2.3274	23	20	9000000	12500	250	209	18012761000	19772360	219.693
VNM	HSX	201208	41152	3627870	379033000	0.6524	23	23	556114754	105000	250	250	2810458000	15648160	3.0945
VNS	HSX	201208	41152	1441710	2098737000	4.8057	23	22	29999997	25000	250	234	35489091000	21777270	72.5909
VOS	HSX	201208	41152	1473470	4647675000	1.0525	23	23	140000000	3000	250	250	78573519000	47547043	33.9621
VPH	HSX	201208	41152	2011130	3231467000	7.2565	23	23	27714816	4400	250	250	57022906000	16857850	60.826
VPK	HSX	201208	41152	5894250	1572255000	73.6781	23	23	8000000	16800	250	249	39643664000	25191438	314.8932
VRC	HSX	201208	41152	2201230	2524999000	15.1759	23	23	14504762	6500	250	246	56251808000	16749230	115.4738
VSC	HSX	201208	41152	1118590	6516959000	4.6814	23	23	23894502	32300	250	247	55034549000	14886940	62.3029
VSG	HSX	201208	41152	583340	939895000	5.282	23	21	11044000	1200	250	236	17400658000	16072020	145.5272
VSH	HSX	201208	41152	7083636	103329000	3.4346	23	23	206241246	10600	250	250	15192870000	81540686	39.5364
VSI	HSX	201208	41152	2679440	3728186000	20.2988	23	20	13200000	6900	250	221	26648828000	25723350	199.0234
VST	HSX	201208	41152	650100	2191670000	1.1019	23	23	58999337	3000	250	250	56074301000	32118039	54.438
VTB	HSX	201208	41152	3745240	2553730000	31.2571	23	23	11982050	7200	250	248	28111103000	34962360	291.7892
VTF	HSX	201208	41152	2053650	3848294000	10.8177	23	23	21025509	26500	250	221	40331313000	21001340	115.9337
VTO	HSX	201208	41152	2098180	9492770000	2.6271	23	23	79866666	4900	250	250	67988981000	42945159	53.7711
