id	market	date	yyyymmdd	svlm_vndb	strn_vndb	svlm_exc	svlmtt_exc	strn_exc	strntt_exc	nb	comment
1	HNX	2012-12-05	20121205			38251100	0	212056100000	0
2	HNX	2012-12-04	20121204	23342400	131588160000	23342400	0	131588160000	0	396
3	HNX	2012-12-03	20121203	12309700	67889460000	12309700	0	67889460000	0	396
4	HNX	2012-11-30	20121130	12897000	74738130000	12897000	0	74738130000	0	395
5	HNX	2012-11-29	20121129	12093900	81698000000	12093900	0	81698000000	0	395
6	HNX	2012-11-28	20121128	10515500	68770570000	10515500	0	68770570000	0	395
7	HSX	2012-12-05	20121205			35452170	35839740	374395104000	2147483647
8	HSX	2012-12-04	20121204	23341800	256740883000	23341800	23715390	256740883000	2147483647	308
9	HSX	2012-12-03	20121203	16787630	211718681000	16787630	16827715	211718681000	2147483647	308
10	HSX	2012-11-30	20121130	16201630	200140735000	16201630	16234035	200140735000	2147483647	308
11	HSX	2012-11-29	20121129	14394410	170180669000	14394410	14429524	170180669000	2147483647	306
12	HSX	2012-11-28	20121128	15889660	202915145000	15889660	15892852	202915145000	2147483647	305
13	HSX	2012-11-27	20121127	13866320	161437733000	13866320	13866320	161437733000	2147483647	305
14	HSX	2012-11-26	20121126	19089680	217626682000	19089680	19089680	217626682000	2147483647	305
15	HSX	2012-11-23	20121123			18217110	18217110	231114075000	2147483647
16	HSX	2012-11-22	20121122			14316960	14361545	178399040000	2147483647
17	HSX	2012-11-21	20121121			18737050	18767733	262024236000	2147483647
18	HSX	2012-11-20	20121120			20735380	20756435	251913994000	2147483647
19	HSX	2012-11-19	20121119			18202220	18232814	240005883000	2147483647
20	HSX	2012-11-16	20121116			18064430	18086043	197511762000	2147483647
21	HSX	2012-11-15	20121115			23829140	23866656	286191152000	2147483647
22	HSX	2012-11-14	20121114			21575190	21623112	285182380000	2147483647
23	HSX	2012-11-13	20121113			26991190	27080791	298537053000	2147483647
24	HSX	2012-11-12	20121112			32685490	32704233	357932607000	2147483647
25	HSX	2012-11-09	20121109			22940280	22963245	285729325000	2147483647
26	HSX	2012-11-08	20121108			20667530	20686107	292209115000	2147483647
27	HSX	2012-11-07	20121107			26810480	26835914	299455401000	2147483647
28	HSX	2012-11-06	20121106			21764900	21774401	245381786000	2147483647
29	HSX	2012-11-05	20121105			27167180	27189694	297803824000	2147483647
30	HSX	2012-11-02	20121102			50796480	50819241	589433159000	2147483647
31	HSX	2012-11-01	20121101			22688460	22728749	278690880000	2147483647
